ID,L1,W1,L2,W2,
1, 4.43, 1.79, -0.40, 1.80,
2, 4.43, 1.79, -0.47, 1.80,
3, 4.43, 1.79, -0.49, 1.80,
4, 4.43, 1.79, -0.51, 1.80,
5, 4.43, 1.79, -0.51, 1.80,
6, 4.43, 1.79, -0.51, 1.80,
7, 4.43, 1.79, -0.51, 1.80,
8, 4.43, 1.79, -0.51, 1.80,
9, 4.43, 1.79, -0.51, 1.80,
10, 4.43, 1.79, -0.51, 1.80,
11, 4.43, 1.79, -0.51, 1.80,
12, 4.43, 1.79, -0.51, 1.80,
13, 4.43, 1.79, -0.51, 1.80,
14, 4.43, 1.79, -0.51, 1.80,
15, 4.43, 1.79, -0.51, 1.80,
16, 4.43, 1.79, -0.51, 1.80,
17, 4.43, 1.79, -0.51, 1.80,
18, 4.43, 1.79, -0.51, 1.80,
19, 4.43, 1.79, -0.51, 1.80,
20, 4.43, 1.79, -0.51, 1.80,
21, 4.43, 1.79, -0.51, 1.80,
22, 4.43, 1.79, -0.51, 1.80,
23, 4.43, 1.79, -0.51, 1.80,
24, 4.43, 1.79, -0.51, 1.80,
25, 4.43, 1.79, -0.51, 1.80,
26, 4.43, 1.79, -0.51, 1.80,
27, 4.43, 1.79, -0.51, 1.80,
28, 4.43, 1.79, -0.51, 1.80,
29, 4.51, 1.79, -0.51, 1.80,
30, 4.60, 1.79, -0.51, 1.80,
31, 4.66, 1.79, -0.51, 1.80,
32, 4.69, 1.79, -0.51, 1.80,
33, 4.70, 1.79, -0.51, 1.80,
34, 4.70, 1.79, -0.51, 1.81,
35, 4.70, 1.79, -0.51, 1.81,
36, 4.70, 1.79, -0.51, 1.81,
37, 4.70, 1.79, -0.51, 1.81,
38, 4.70, 1.79, -0.51, 1.81,
39, 4.70, 1.79, -0.51, 1.81,
40, 4.70, 1.79, -0.51, 1.81,
41, 4.70, 1.79, -0.51, 1.82,
42, 4.70, 1.79, -0.51, 1.84,
43, 4.70, 1.79, -0.51, 1.86,
44, 4.70, 1.79, -0.51, 1.87,
45, 4.70, 1.79, -0.51, 1.88,
46, 4.70, 1.79, -0.51, 1.89,
47, 4.70, 1.79, -0.51, 1.90,
48, 4.70, 1.79, -0.53, 1.94,
49, 4.70, 1.79, -0.53, 1.96,
50, 4.70, 1.79, -0.53, 1.99,
51, 4.70, 1.79, -0.53, 2.03,
52, 4.70, 1.79, -0.53, 2.05,
53, 4.70, 1.79, -0.53, 2.08,
54, 4.70, 1.79, -0.53, 2.11,
55, 4.70, 1.79, -0.53, 2.16,
56, 4.70, 1.79, -0.53, 2.22,
57, 4.70, 1.79, -0.53, 2.26,
58, 4.70, 1.79, -0.53, 2.33,
59, 4.70, 1.79, -0.53, 2.39,
60, 4.70, 1.79, -0.53, 2.46,
61, 4.70, 1.79, -0.53, 2.55,
62, 4.70, 1.79, -0.53, 2.63,
63, 4.70, 1.79, -0.53, 2.68,
64, 4.70, 1.79, -0.53, 2.76,
65, 4.70, 1.79, -0.53, 2.83,
66, 4.70, 1.79, -0.53, 2.89,
67, 4.70, 1.79, -0.53, 2.95,
68, 4.70, 1.79, -0.53, 3.02,
69, 4.70, 1.79, -0.53, 3.07,
70, 4.70, 1.79, -0.53, 3.12,
71, 4.70, 1.79, -0.53, 3.16,
72, 4.70, 1.79, -0.53, 3.27,
73, 4.70, 1.79, -0.53, 3.35,
74, 4.70, 1.79, -0.53, 3.40,
75, 4.70, 1.79, -0.53, 3.53,
76, 4.70, 1.79, -0.54, 3.72,
77, 4.70, 1.79, -0.54, 3.74,
78, 4.70, 1.79, -0.54, 3.78,
79, 4.70, 1.79, -0.54, 3.92,
80, 4.70, 1.79, -0.56, 4.13,
81, 4.70, 1.79, -0.56, 4.33,
82, 4.70, 1.79, -0.56, 4.43,
83, 4.70, 1.79, -0.56, 4.55,
84, 4.70, 1.79, -0.56, 4.66,
85, 4.70, 1.79, -0.56, 4.78,
86, 4.70, 1.79, -0.56, 4.92,
87, 4.70, 1.79, -0.56, 5.08,
88, 4.70, 1.79, -0.56, 5.33,
89, 4.70, 1.79, -0.56, 5.53,
90, 4.70, 1.79, -0.57, 5.57,
91, 4.70, 1.79, -0.57, 5.58,
92, 4.70, 1.79, -0.57, 5.60,
93, 4.70, 1.79, -0.57, 5.75,
94, 4.70, 1.79, -0.59, 5.96,
95, 4.70, 1.79, -0.59, 6.11,
96, 4.70, 1.79, -0.60, 6.23,
97, 4.70, 1.79, -0.63, 6.26,
98, 4.70, 1.79, -0.63, 6.27,
99, 4.70, 1.79, -0.63, 6.30,
100, 4.70, 1.79, -0.63, 6.36,
101, 4.70, 1.79, -0.65, 6.44,
102, 4.70, 1.79, -0.65, 6.54,
103, 4.70, 1.79, -0.66, 6.64,
104, 4.70, 1.79, -0.66, 6.76,
105, 4.70, 1.79, -0.69, 7.00,
106, 4.69, 1.79, -0.71, 7.21,
107, 4.69, 1.79, -0.71, 7.28,
108, 4.69, 1.79, -0.72, 7.29,
109, 4.69, 1.79, -0.72, 7.31,
110, 4.69, 1.79, -0.72, 7.37,
111, 4.69, 1.79, -0.72, 7.41,
112, 4.70, 1.79, -0.72, 7.47,
113, 4.70, 1.79, -0.72, 7.51,
114, 4.70, 1.79, -0.72, 7.57,
115, 4.70, 1.79, -0.72, 7.60,
116, 4.70, 1.79, -0.72, 7.65,
117, 4.70, 1.79, -0.75, 7.69,
118, 4.70, 1.79, -0.75, 7.70,
119, 4.35, 1.79, -0.75, 7.71,
120, 4.06, 1.79, -0.75, 7.72,
121, 3.98, 1.79, -0.75, 7.72,
122, 3.98, 1.79, -0.76, 7.77,
123, 4.00, 1.79, -0.79, 7.92,
124, 4.00, 1.79, -0.79, 8.06,
125, 4.00, 1.79, -0.79, 8.08,
126, 4.00, 1.79, -0.79, 8.12,
127, 4.00, 1.79, -0.79, 8.20,
128, 4.00, 1.79, -0.79, 8.28,
129, 3.85, 1.79, -0.79, 8.36,
130, 3.85, 1.79, -0.79, 8.41,
131, 3.84, 1.79, -0.79, 8.46,
132, 3.85, 1.79, -0.79, 8.54,
133, 3.85, 1.79, -0.79, 8.63,
134, 3.85, 1.79, -0.79, 8.72,
135, 3.85, 1.79, -0.79, 8.77,
136, 3.85, 1.79, -0.79, 8.80,
137, 3.85, 1.79, -0.79, 8.86,
138, 3.98, 1.79, -0.79, 8.92,
139, 3.98, 1.79, -0.79, 8.98,
140, 3.98, 1.79, -0.79, 9.04,
141, 4.00, 1.79, -0.79, 9.09,
142, 4.00, 1.79, -0.79, 9.15,
143, 4.01, 1.79, -0.79, 9.24,
144, 4.01, 1.79, -0.79, 9.33,
145, 4.04, 1.79, -0.79, 9.43,
146, 4.12, 1.79, -0.79, 9.49,
147, 4.12, 1.79, -0.79, 9.52,
148, 4.13, 1.79, -0.79, 9.57,
149, 4.13, 1.79, -0.79, 9.61,
150, 4.13, 1.79, -0.79, 9.65,
151, 4.13, 1.79, -0.79, 9.69,
152, 4.13, 1.79, -0.79, 9.74,
153, 4.15, 1.79, -0.79, 9.77,
154, 4.25, 1.79, -0.79, 9.77,
155, 4.48, 1.79, -0.79, 9.77,
156, 4.37, 1.79, -0.81, 9.77,
157, 4.37, 1.79, -0.81, 9.77,
158, 4.37, 1.79, -0.81, 9.78,
159, 4.37, 1.79, -0.81, 9.78,
160, 4.37, 1.79, -0.81, 9.79,
161, 4.37, 1.79, -0.81, 9.82,
162, 4.37, 1.79, -0.81, 9.85,
163, 4.37, 1.79, -0.82, 9.87,
164, 4.37, 1.79, -0.82, 9.91,
165, 4.37, 1.79, -0.82, 9.95,
166, 4.37, 1.79, -0.82, 9.98,
167, 4.37, 1.79, -0.90, 10.00,
168, 4.37, 1.79, -0.90, 10.01,
169, 4.37, 1.79, -0.90, 10.02,
170, 4.37, 1.79, -0.90, 10.02,
171, 4.37, 1.79, -0.90, 10.04,
172, 4.37, 1.79, -0.90, 10.06,
173, 4.37, 1.79, -0.90, 10.08,
174, 4.37, 1.79, -0.90, 10.10,
175, 4.37, 1.79, -0.91, 10.11,
176, 4.37, 1.79, -0.91, 10.13,
177, 4.37, 1.79, -0.91, 10.15,
178, 4.37, 1.79, -0.91, 10.16,
179, 4.38, 1.79, -0.91, 10.17,
180, 4.38, 1.79, -0.91, 10.18,
181, 4.38, 1.79, -0.91, 10.20,
182, 4.38, 1.79, -0.91, 10.21,
183, 4.38, 1.79, -0.93, 10.23,
184, 4.40, 1.79, -0.93, 10.24,
185, 4.45, 1.79, -0.93, 10.27,
186, 4.59, 1.79, -0.93, 10.28,
187, 4.59, 1.79, -0.93, 10.28,
188, 4.66, 1.79, -0.93, 10.29,
189, 4.82, 1.79, -0.93, 10.29,
190, 5.00, 1.79, -0.93, 10.28,
191, 6.41, 1.79, -0.93, 10.28,
192, 6.44, 1.79, -0.93, 10.28,
193, 6.44, 1.79, -0.94, 10.28,
194, 6.48, 1.79, -0.94, 10.28,
195, 6.48, 1.79, -0.94, 10.28,
196, 6.48, 1.79, -0.99, 10.28,
197, 6.48, 1.79, -1.00, 10.28,
198, 6.48, 1.79, -1.01, 10.28,
199, 6.48, 1.79, -1.01, 10.28,
200, 6.48, 1.79, -1.04, 10.28,
201, 6.48, 1.79, -1.09, 10.30,
202, 6.48, 1.79, -1.10, 10.32,
203, 6.48, 1.79, -1.10, 10.33,
204, 6.48, 1.79, -1.10, 10.33,
205, 6.48, 1.79, -1.10, 10.33,
206, 6.50, 1.79, -1.10, 10.33,
207, 6.50, 1.79, -1.10, 10.33,
208, 6.50, 1.79, -1.10, 10.33,
209, 6.50, 1.79, -1.10, 10.33,
210, 6.50, 1.79, -1.10, 10.33,
211, 6.50, 1.79, -1.10, 10.33,
212, 6.50, 1.79, -1.10, 10.33,
213, 6.50, 1.79, -1.12, 10.33,
214, 6.50, 1.79, -1.12, 10.33,
215, 6.50, 1.79, -1.12, 10.32,
216, 6.50, 1.79, -1.12, 10.32,
217, 6.50, 1.79, -1.12, 10.32,
218, 6.50, 1.79, -1.12, 10.32,
219, 6.50, 1.79, -1.12, 10.32,
220, 6.50, 1.79, -1.12, 10.32,
221, 6.50, 1.79, -1.12, 10.32,
222, 6.50, 1.79, -1.12, 10.32,
223, 6.50, 1.79, -1.12, 10.32,
224, 6.50, 1.79, -1.12, 10.32,
225, 6.50, 1.79, -1.12, 10.32,
226, 6.50, 1.79, -1.12, 10.32,
227, 6.50, 1.79, -1.15, 10.32,
228, 6.50, 1.79, -1.16, 10.32,
229, 6.50, 1.79, -1.16, 10.32,
230, 6.50, 1.79, -1.18, 10.32,
231, 6.50, 1.79, -1.19, 10.32,
232, 6.50, 1.79, -1.19, 10.32,
233, 6.50, 1.79, -1.19, 10.32,
234, 6.50, 1.79, -1.19, 10.32,
235, 6.50, 1.79, -1.19, 10.32,
236, 6.50, 1.79, -1.19, 10.32,
237, 6.50, 1.79, -1.19, 10.32,
238, 6.50, 1.79, -1.19, 10.32,
239, 6.50, 1.79, -1.21, 10.30,
240, 6.50, 1.79, -1.21, 10.30,
241, 6.50, 1.79, -1.21, 10.28,
242, 6.50, 1.79, -1.22, 10.28,
243, 6.50, 1.79, -1.22, 10.28,
244, 6.50, 1.79, -1.24, 10.26,
245, 6.50, 1.79, -1.24, 10.26,
246, 6.50, 1.79, -1.24, 10.26,
247, 6.50, 1.79, -1.25, 10.26,
248, 6.50, 1.79, -1.25, 10.26,
249, 6.50, 1.79, -1.25, 10.26,
250, 6.50, 1.79, -1.25, 10.26,
251, 6.51, 1.79, -1.25, 10.26,
252, 6.53, 1.79, -1.25, 10.26,
253, 6.59, 1.79, -1.25, 10.26,
254, 6.59, 1.79, -1.26, 10.26,
255, 6.59, 1.79, -1.26, 10.26,
256, 6.94, 1.79, -1.26, 10.26,
257, 6.94, 1.79, -1.26, 10.26,
258, 7.28, 1.79, -1.28, 10.26,
259, 7.28, 1.79, -1.29, 10.26,
260, 7.28, 1.79, -1.29, 10.26,
261, 7.28, 1.79, -1.29, 10.26,
262, 7.28, 1.79, -1.31, 10.26,
263, 7.28, 1.79, -1.32, 10.26,
264, 7.26, 1.79, -1.34, 10.26,
265, 7.26, 1.79, -1.34, 10.26,
266, 7.26, 1.79, -1.34, 10.26,
267, 7.26, 1.79, -1.34, 10.26,
268, 7.26, 1.79, -1.35, 10.26,
269, 7.26, 1.79, -1.37, 10.26,
270, 7.26, 1.79, -1.37, 10.26,
271, 7.26, 1.79, -1.37, 10.26,
272, 7.26, 1.79, -1.37, 10.26,
273, 7.26, 1.79, -1.37, 10.26,
274, 7.26, 1.79, -1.37, 10.26,
275, 7.26, 1.79, -1.37, 10.28,
276, 7.26, 1.79, -1.38, 10.33,
277, 7.26, 1.79, -1.38, 10.36,
278, 7.26, 1.79, -1.38, 10.39,
279, 7.26, 1.79, -1.41, 10.40,
280, 7.26, 1.79, -1.43, 10.41,
281, 7.26, 1.79, -1.44, 10.41,
282, 7.26, 1.79, -1.44, 10.41,
283, 7.26, 1.79, -1.44, 10.42,
284, 7.26, 1.79, -1.44, 10.42,
285, 7.26, 1.79, -1.44, 10.43,
286, 7.26, 1.79, -1.44, 10.44,
287, 7.26, 1.79, -1.44, 10.46,
288, 7.26, 1.79, -1.44, 10.47,
289, 7.26, 1.79, -1.44, 10.48,
290, 7.26, 1.79, -1.44, 10.49,
291, 7.26, 1.79, -1.44, 10.51,
292, 7.26, 1.79, -1.44, 10.52,
293, 7.26, 1.79, -1.44, 10.52,
294, 7.26, 1.79, -1.44, 10.52,
295, 7.26, 1.79, -1.44, 10.52,
296, 7.26, 1.79, -1.44, 10.52,
297, 7.26, 1.79, -1.44, 10.52,
298, 7.26, 1.79, -1.44, 10.52,
299, 7.26, 1.79, -1.44, 10.52,
300, 7.26, 1.79, -1.46, 10.53,
301, 7.26, 1.79, -1.46, 10.56,
302, 7.26, 1.79, -1.46, 10.58,
303, 7.26, 1.79, -1.46, 10.59,
304, 7.26, 1.79, -1.46, 10.59,
305, 7.26, 1.79, -1.46, 10.59,
306, 7.26, 1.79, -1.46, 10.59,
307, 7.26, 1.79, -1.46, 10.59,
308, 7.26, 1.79, -1.46, 10.60,
309, 7.26, 1.79, -1.46, 10.61,
310, 7.26, 1.79, -1.46, 10.61,
311, 7.26, 1.79, -1.46, 10.61,
312, 7.26, 1.79, -1.46, 10.61,
313, 7.26, 1.79, -1.46, 10.61,
314, 7.26, 1.79, -1.46, 10.61,
315, 7.26, 1.79, -1.46, 10.61,
316, 7.26, 1.79, -1.46, 10.61,
317, 7.26, 1.79, -1.46, 10.61,
318, 7.26, 1.79, -1.46, 10.61,
319, 7.26, 1.79, -1.46, 10.61,
320, 7.25, 1.79, -1.46, 10.61,
321, 7.25, 1.79, -1.46, 10.61,
322, 7.25, 1.79, -1.46, 10.61,
323, 7.25, 1.79, -1.46, 10.61,
324, 7.25, 1.79, -1.46, 10.61,
325, 7.25, 1.79, -1.46, 10.61,
326, 7.25, 1.79, -1.46, 10.61,
327, 7.25, 1.79, -1.46, 10.61,
328, 7.25, 1.79, -1.46, 10.61,
329, 7.25, 1.79, -1.46, 10.61,
330, 7.25, 1.79, -1.46, 10.61,
331, 7.25, 1.79, -1.46, 10.61,
332, 7.25, 1.79, -1.46, 10.61,
333, 7.25, 1.79, -1.46, 10.61,
334, 7.25, 1.79, -1.46, 10.65,
335, 7.25, 1.79, -1.46, 10.66,
336, 7.25, 1.79, -1.46, 10.66,
337, 7.25, 1.79, -1.46, 10.67,
338, 7.25, 1.79, -1.46, 10.68,
339, 7.25, 1.79, -1.46, 10.68,
340, 7.25, 1.79, -1.46, 10.68,
341, 7.25, 1.79, -1.46, 10.69,
342, 7.25, 1.79, -1.46, 10.69,
343, 7.25, 1.78, -1.46, 10.69,
344, 7.25, 1.78, -1.46, 10.69,
345, 7.25, 1.78, -1.46, 10.69,
346, 7.25, 1.78, -1.46, 10.69,
347, 7.25, 1.78, -1.46, 10.69,
348, 7.25, 1.78, -1.46, 10.70,
349, 7.25, 1.78, -1.46, 10.71,
350, 7.25, 1.78, -1.46, 10.71,
351, 7.25, 1.78, -1.46, 10.71,
352, 7.25, 1.78, -1.46, 10.71,
353, 7.25, 1.78, -1.46, 10.71,
354, 7.25, 1.78, -1.46, 10.71,
355, 7.25, 1.78, -1.46, 10.71,
356, 7.25, 1.78, -1.46, 10.72,
357, 7.25, 1.78, -1.46, 10.73,
358, 7.25, 1.78, -1.46, 10.75,
359, 7.25, 1.78, -1.46, 10.78,
360, 7.25, 1.78, -1.46, 10.78,
361, 7.25, 1.78, -1.46, 10.78,
362, 7.25, 1.78, -1.46, 10.80,
363, 7.25, 1.78, -1.46, 10.82,
364, 7.25, 1.78, -1.46, 10.84,
365, 7.25, 1.78, -1.46, 10.84,
366, 7.25, 1.78, -1.46, 10.84,
367, 7.25, 1.78, -1.46, 10.84,
368, 7.25, 1.78, -1.46, 10.84,
369, 7.25, 1.78, -1.46, 10.84,
370, 7.25, 1.78, -1.46, 10.84,
371, 7.25, 1.78, -1.46, 10.84,
372, 7.25, 1.78, -1.46, 10.84,
373, 7.25, 1.78, -1.46, 10.86,
374, 7.25, 1.78, -1.46, 10.91,
375, 7.25, 1.78, -1.46, 10.93,
376, 7.25, 1.78, -1.46, 10.97,
377, 7.25, 1.78, -1.46, 11.08,
378, 7.25, 1.79, -1.51, 11.29,
379, 7.25, 1.79, -1.51, 11.40,
380, 7.25, 1.79, -1.60, 11.43,
381, 7.25, 1.79, -1.66, 11.45,
382, 7.25, 1.79, -1.69, 11.46,
383, 7.25, 1.79, -1.71, 11.46,
384, 7.25, 1.79, -1.71, 11.46,
385, 7.25, 1.79, -1.72, 11.46,
386, 7.25, 1.79, -1.72, 11.46,
387, 7.25, 1.79, -1.72, 11.46,
388, 7.25, 1.79, -1.76, 11.47,
389, 7.25, 1.79, -1.78, 11.48,
390, 7.25, 1.79, -1.78, 11.48,
391, 7.25, 1.79, -1.78, 11.48,
392, 7.25, 1.79, -1.79, 11.48,
393, 7.25, 1.79, -1.79, 11.48,
394, 7.25, 1.79, -1.79, 11.49,
395, 7.25, 1.79, -1.79, 11.49,
396, 7.25, 1.79, -1.79, 11.49,
397, 7.25, 1.79, -1.79, 11.49,
398, 7.25, 1.79, -1.79, 11.49,
399, 7.25, 1.79, -1.79, 11.49,
400, 7.25, 1.79, -1.79, 11.49,
401, 7.25, 1.79, -1.79, 11.49,
402, 7.25, 1.79, -1.79, 11.49,
403, 7.25, 1.79, -1.79, 11.49,
404, 7.25, 1.79, -1.79, 11.49,
405, 7.25, 1.79, -1.79, 11.49,
406, 7.25, 1.79, -1.79, 11.49,
407, 7.25, 1.79, -1.79, 11.49,
408, 7.25, 1.79, -1.79, 11.49,
409, 7.25, 1.79, -1.79, 11.49,
410, 7.25, 1.79, -1.79, 11.49,
411, 7.25, 1.79, -1.79, 11.49,
412, 7.25, 1.79, -1.79, 11.49,
413, 7.25, 1.79, -1.79, 11.49,
414, 7.25, 1.79, -1.79, 11.49,
415, 7.25, 1.79, -1.79, 11.49,
416, 7.25, 1.79, -1.79, 11.49,
417, 7.25, 1.78, -1.79, 11.49,
418, 7.25, 1.78, -1.79, 11.49,
419, 7.25, 1.78, -1.79, 11.49,
420, 7.25, 1.78, -1.79, 11.49,
421, 7.25, 1.78, -1.79, 11.50,
422, 7.25, 1.78, -1.79, 11.50,
423, 7.25, 1.78, -1.79, 11.50,
424, 7.25, 1.78, -1.79, 11.50,
425, 7.25, 1.78, -1.79, 11.50,
426, 7.25, 1.78, -1.79, 11.50,
427, 7.25, 1.78, -1.81, 11.50,
428, 7.25, 1.78, -1.81, 11.51,
429, 7.23, 1.78, -1.82, 11.51,
430, 7.23, 1.78, -1.82, 11.52,
431, 7.23, 1.78, -1.84, 11.52,
432, 7.23, 1.78, -1.84, 11.53,
433, 7.23, 1.78, -1.85, 11.53,
434, 7.23, 1.78, -1.88, 11.54,
435, 7.23, 1.78, -1.90, 11.55,
436, 7.23, 1.78, -1.93, 11.55,
437, 7.23, 1.78, -1.94, 11.56,
438, 7.23, 1.78, -1.94, 11.56,
439, 7.23, 1.78, -1.96, 11.57,
440, 7.23, 1.78, -1.97, 11.57,
441, 7.23, 1.78, -1.98, 11.57,
442, 7.23, 1.78, -2.00, 11.58,
443, 7.23, 1.78, -2.03, 11.58,
444, 7.23, 1.78, -2.07, 11.60,
445, 7.23, 1.78, -2.15, 11.61,
446, 7.23, 1.78, -2.22, 11.62,
447, 7.23, 1.78, -2.28, 11.64,
448, 7.23, 1.78, -2.35, 11.66,
449, 7.23, 1.78, -2.50, 11.68,
450, 7.23, 1.78, -2.68, 11.72,
451, 7.23, 1.78, -2.82, 11.75,
452, 7.23, 1.78, -2.93, 11.77,
453, 7.23, 1.78, -3.01, 11.79,
454, 7.23, 1.78, -3.10, 11.80,
455, 7.23, 1.78, -3.21, 11.82,
456, 7.23, 1.78, -3.34, 11.85,
457, 7.23, 1.78, -3.62, 11.89,
458, 7.23, 1.78, -3.90, 11.94,
459, 7.23, 1.78, -4.28, 12.00,
460, 7.23, 1.78, -4.59, 12.04,
461, 7.23, 1.78, -4.84, 12.08,
462, 7.23, 1.78, -4.98, 12.10,
463, 7.23, 1.78, -5.13, 12.11,
464, 7.23, 1.78, -5.28, 12.13,
465, 7.23, 1.78, -5.31, 12.13,
466, 7.23, 1.78, -5.31, 12.13,
467, 7.23, 1.78, -5.35, 12.13,
468, 7.23, 1.78, -5.50, 12.16,
469, 7.23, 1.78, -5.62, 12.18,
470, 7.23, 1.78, -5.75, 12.19,
471, 7.23, 1.78, -5.84, 12.20,
472, 7.23, 1.78, -5.85, 12.21,
473, 7.23, 1.78, -5.85, 12.21,
474, 7.23, 1.78, -5.85, 12.21,
475, 7.23, 1.78, -5.87, 12.21,
476, 7.23, 1.78, -5.88, 12.21,
477, 7.23, 1.78, -5.88, 12.21,
478, 7.23, 1.78, -5.88, 12.21,
479, 7.23, 1.78, -5.88, 12.21,
480, 7.23, 1.78, -5.88, 12.21,
481, 7.23, 1.78, -5.88, 12.21,
482, 7.23, 1.78, -5.88, 12.21,
483, 7.23, 1.78, -5.88, 12.21,
484, 7.23, 1.78, -5.88, 12.21,
485, 7.23, 1.78, -5.88, 12.21,
486, 7.23, 1.78, -5.88, 12.21,
487, 7.23, 1.78, -5.88, 12.21,
488, 7.23, 1.78, -5.88, 12.21,
489, 7.23, 1.78, -5.88, 12.21,
490, 7.23, 1.78, -5.88, 12.21,
491, 7.23, 1.78, -5.88, 12.21,
492, 7.23, 1.78, -5.88, 12.21,
493, 7.23, 1.78, -5.88, 12.21,
494, 7.23, 1.78, -5.88, 12.21,
495, 7.23, 1.78, -5.88, 12.21,
496, 7.70, 1.78, -5.88, 12.21,
497, 7.70, 1.78, -5.88, 12.21,
498, 7.70, 1.78, -5.88, 12.21,
499, 7.70, 1.78, -5.88, 12.21,
500, 7.70, 1.78, -5.88, 12.21,
501, 7.70, 1.78, -5.88, 12.21,
502, 7.63, 1.78, -5.90, 12.21,
503, 7.28, 1.79, -5.90, 12.21,
504, 7.16, 1.79, -5.90, 12.21,
505, 7.09, 1.79, -5.90, 12.21,
506, 7.07, 1.79, -5.90, 12.21,
507, 7.07, 1.79, -5.90, 12.21,
508, 7.06, 1.79, -5.90, 12.21,
509, 6.78, 1.79, -5.90, 12.21,
510, 6.78, 1.79, -5.90, 12.21,
511, 6.78, 1.79, -5.90, 12.21,
512, 6.78, 1.79, -5.90, 12.21,
513, 6.78, 1.79, -5.90, 12.21,
514, 6.78, 1.79, -5.90, 12.21,
515, 6.78, 1.79, -5.90, 12.21,
516, 6.78, 1.79, -5.90, 12.21,
517, 6.78, 1.79, -5.90, 12.21,
518, 6.78, 1.78, -5.90, 12.21,
519, 6.78, 1.78, -5.90, 12.21,
520, 6.78, 1.78, -5.90, 12.21,
521, 6.78, 1.78, -5.90, 12.21,
522, 6.78, 1.78, -5.90, 12.21,
523, 6.78, 1.78, -5.90, 12.21,
524, 6.78, 1.78, -5.90, 12.21,
525, 6.78, 1.78, -5.90, 12.21,
526, 6.78, 1.78, -5.90, 12.21,
527, 6.78, 1.78, -5.90, 12.21,
528, 6.78, 1.78, -5.90, 12.21,
529, 6.78, 1.78, -5.90, 12.21,
530, 6.78, 1.78, -5.90, 12.21,
531, 6.78, 1.78, -5.90, 12.21,
532, 6.78, 1.78, -5.90, 12.21,
533, 6.78, 1.78, -5.90, 12.21,
534, 6.78, 1.78, -5.90, 12.21,
535, 6.78, 1.78, -5.90, 12.21,
536, 6.78, 1.78, -5.90, 12.21,
537, 6.78, 1.78, -5.90, 12.21,
538, 6.78, 1.78, -5.90, 12.21,
539, 6.78, 1.78, -5.90, 12.21,
540, 6.78, 1.78, -5.90, 12.21,
541, 6.78, 1.78, -5.91, 12.21,
542, 6.78, 1.78, -5.91, 12.21,
543, 6.78, 1.78, -5.91, 12.21,
544, 6.78, 1.78, -5.91, 12.21,
545, 6.78, 1.78, -5.91, 12.21,
546, 6.78, 1.78, -5.91, 12.21,
547, 6.78, 1.78, -5.91, 12.21,
548, 6.78, 1.78, -5.91, 12.21,
549, 6.78, 1.78, -5.93, 12.21,
550, 6.78, 1.78, -5.95, 12.21,
551, 6.78, 1.78, -6.00, 12.21,
552, 6.78, 1.78, -6.12, 12.25,
553, 6.78, 1.78, -6.29, 12.26,
554, 6.78, 1.78, -6.34, 12.26,
555, 6.78, 1.78, -6.37, 12.26,
556, 6.78, 1.78, -6.40, 12.26,
557, 6.78, 1.78, -6.54, 12.27,
558, 6.78, 1.78, -6.65, 12.29,
559, 6.76, 1.78, -6.73, 12.29,
560, 6.76, 1.78, -6.84, 12.31,
561, 6.76, 1.78, -6.88, 12.32,
562, 6.76, 1.78, -6.94, 12.32,
563, 6.76, 1.78, -6.98, 12.33,
564, 6.76, 1.78, -7.04, 12.33,
565, 6.76, 1.78, -7.15, 12.34,
566, 6.76, 1.78, -7.32, 12.36,
567, 6.91, 1.78, -7.47, 12.36,
568, 7.00, 1.78, -7.56, 12.36,
569, 7.03, 1.78, -7.59, 12.36,
570, 7.07, 1.78, -7.63, 12.36,
571, 7.16, 1.78, -7.70, 12.38,
572, 7.29, 1.78, -7.84, 12.38,
573, 7.41, 1.78, -7.94, 12.38,
574, 7.45, 1.78, -8.01, 12.38,
575, 7.51, 1.78, -8.10, 12.38,
576, 7.56, 1.78, -8.15, 12.39,
577, 7.62, 1.78, -8.20, 12.39,
578, 7.75, 1.78, -8.29, 12.39,
579, 7.85, 1.78, -8.38, 12.39,
580, 7.94, 1.78, -8.48, 12.39,
581, 8.00, 1.78, -8.54, 12.39,
582, 8.06, 1.78, -8.62, 12.39,
583, 8.10, 1.78, -8.70, 12.39,
584, 8.16, 1.78, -8.76, 12.39,
585, 8.22, 1.78, -8.84, 12.39,
586, 8.29, 1.78, -8.91, 12.39,
587, 8.35, 1.78, -8.97, 12.39,
588, 8.38, 1.78, -9.00, 12.39,
589, 8.41, 1.78, -9.03, 12.39,
590, 8.47, 1.78, -9.10, 12.39,
591, 8.51, 1.78, -9.15, 12.39,
592, 8.60, 1.78, -9.22, 12.39,
593, 8.75, 1.78, -9.32, 12.39,
594, 8.84, 1.78, -9.41, 12.39,
595, 8.87, 1.78, -9.44, 12.39,
596, 8.91, 1.78, -9.47, 12.39,
597, 8.95, 1.78, -9.53, 12.39,
598, 9.00, 1.78, -9.57, 12.39,
599, 9.04, 1.78, -9.63, 12.39,
600, 9.12, 1.78, -9.69, 12.39,
601, 9.17, 1.78, -9.75, 12.39,
602, 9.25, 1.78, -9.82, 12.39,
603, 9.32, 1.78, -9.92, 12.39,
604, 9.42, 1.78, -10.04, 12.39,
605, 9.53, 1.78, -10.14, 12.39,
606, 9.62, 1.78, -10.25, 12.39,
607, 9.66, 1.78, -10.28, 12.39,
608, 9.69, 1.78, -10.32, 12.39,
609, 9.78, 1.78, -10.39, 12.39,
610, 9.85, 1.78, -10.47, 12.39,
611, 9.90, 1.78, -10.51, 12.39,
612, 9.97, 1.78, -10.59, 12.39,
613, 10.06, 1.78, -10.67, 12.39,
614, 10.12, 1.78, -10.72, 12.39,
615, 10.14, 1.78, -10.73, 12.39,
616, 10.20, 1.78, -10.79, 12.39,
617, 10.32, 1.78, -10.91, 12.36,
618, 10.39, 1.78, -10.98, 12.36,
619, 10.45, 1.78, -11.04, 12.34,
620, 10.50, 1.78, -11.09, 12.34,
621, 10.53, 1.78, -11.13, 12.33,
622, 10.57, 1.78, -11.16, 12.32,
623, 10.62, 1.78, -11.20, 12.31,
624, 10.69, 1.78, -11.29, 12.31,
625, 10.72, 1.78, -11.31, 12.30,
626, 10.78, 1.78, -11.37, 12.29,
627, 10.84, 1.78, -11.42, 12.29,
628, 10.87, 1.78, -11.47, 12.28,
629, 10.91, 1.78, -11.51, 12.28,
630, 10.95, 1.78, -11.56, 12.26,
631, 11.01, 1.78, -11.62, 12.26,
632, 11.07, 1.78, -11.67, 12.26,
633, 11.12, 1.78, -11.73, 12.25,
634, 11.16, 1.78, -11.79, 12.25,
635, 11.23, 1.78, -11.87, 12.24,
636, 11.28, 1.78, -11.92, 12.24,
637, 11.32, 1.78, -11.98, 12.23,
638, 11.37, 1.78, -12.03, 12.23,
639, 11.41, 1.78, -12.07, 12.22,
640, 11.45, 1.78, -12.13, 12.22,
641, 11.54, 1.78, -12.20, 12.21,
642, 11.63, 1.78, -12.28, 12.20,
643, 11.70, 1.78, -12.37, 12.19,
644, 11.78, 1.78, -12.44, 12.19,
645, 11.87, 1.78, -12.50, 12.18,
646, 11.91, 1.78, -12.54, 12.18,
647, 11.94, 1.78, -12.56, 12.18,
648, 11.97, 1.78, -12.60, 12.18,
649, 12.01, 1.79, -12.63, 12.17,
650, 12.09, 1.78, -12.75, 12.16,
651, 12.16, 1.78, -12.76, 12.16,
652, 12.20, 1.78, -12.81, 12.16,
653, 12.28, 1.78, -12.88, 12.15,
654, 12.35, 1.78, -12.97, 12.14,
655, 12.39, 1.78, -13.01, 12.14,
656, 12.45, 1.78, -13.07, 12.13,
657, 12.54, 1.78, -13.14, 12.13,
658, 12.69, 1.78, -13.29, 12.12,
659, 12.85, 1.78, -13.48, 12.10,
660, 12.89, 1.78, -13.54, 12.10,
661, 12.92, 1.78, -13.57, 12.10,
662, 12.92, 1.78, -13.59, 12.10,
663, 12.94, 1.82, -13.60, 12.09,
664, 12.98, 1.84, -13.64, 12.09,
665, 13.03, 1.94, -13.70, 12.08,
666, 13.10, 1.95, -13.76, 12.08,
667, 13.14, 1.95, -13.82, 12.07,
668, 13.20, 1.95, -13.86, 12.07,
669, 13.22, 1.95, -13.88, 12.07,
670, 13.22, 1.95, -13.88, 12.06,
671, 13.22, 1.95, -13.88, 12.06,
672, 13.22, 1.95, -13.88, 12.06,
673, 13.22, 1.95, -13.88, 12.06,
674, 13.22, 1.95, -13.88, 12.06,
675, 13.22, 1.94, -13.88, 12.06,
676, 13.22, 1.94, -13.88, 12.06,
677, 13.22, 1.86, -13.88, 12.06,
678, 13.22, 1.86, -13.88, 12.06,
679, 13.22, 1.86, -13.88, 12.06,
680, 13.22, 1.86, -13.88, 12.06,
681, 13.22, 1.79, -13.88, 12.06,
682, 13.22, 1.79, -13.88, 12.06,
683, 13.22, 1.79, -13.88, 12.06,
684, 13.22, 1.80, -13.88, 12.06,
685, 13.22, 1.80, -13.88, 12.06,
686, 13.22, 1.80, -13.88, 12.06,
687, 13.22, 1.80, -13.88, 12.06,
688, 13.22, 1.80, -13.88, 12.06,
689, 13.22, 1.80, -13.88, 12.06,
690, 13.22, 1.80, -13.88, 12.06,
691, 13.22, 1.80, -13.88, 12.06,
692, 13.22, 1.80, -13.88, 12.06,
693, 13.22, 1.79, -13.88, 12.06,
694, 13.22, 1.79, -13.88, 12.06,
695, 13.22, 1.79, -13.88, 12.06,
696, 13.22, 1.79, -13.88, 12.06,
697, 13.22, 1.79, -13.88, 12.06,
698, 13.22, 1.79, -13.88, 12.06,
699, 13.22, 1.79, -13.88, 12.06,
700, 13.22, 1.79, -13.88, 12.06,
701, 13.22, 1.79, -13.88, 12.06,
702, 13.22, 1.78, -13.88, 12.06,
703, 13.22, 1.78, -13.88, 12.06,
704, 13.22, 1.78, -13.88, 12.06,
705, 13.22, 1.78, -13.88, 12.06,
706, 13.22, 1.78, -13.88, 12.06,
707, 13.22, 1.78, -13.88, 12.06,
708, 13.22, 1.78, -13.88, 12.06,
709, 13.22, 1.78, -13.88, 12.06,
710, 13.22, 1.78, -13.88, 12.06,
711, 13.22, 1.78, -13.88, 12.06,
712, 13.22, 1.78, -13.88, 12.06,
713, 13.22, 1.78, -13.88, 12.06,
714, 13.22, 1.78, -13.88, 12.06,
715, 13.22, 1.78, -13.88, 12.06,
716, 13.22, 1.77, -13.88, 12.06,
717, 13.22, 1.77, -13.88, 12.06,
718, 13.22, 1.77, -13.88, 12.06,
719, 13.22, 1.77, -13.88, 12.06,
720, 13.22, 1.77, -13.88, 12.06,
721, 13.22, 1.77, -13.88, 12.06,
722, 13.22, 1.77, -13.88, 12.06,
723, 13.22, 1.77, -13.88, 12.06,
724, 13.22, 1.77, -13.88, 12.06,
725, 13.22, 1.77, -13.88, 12.06,
726, 13.22, 1.77, -13.88, 12.06,
727, 13.22, 1.77, -13.88, 12.06,
728, 13.22, 1.77, -13.88, 12.06,
729, 13.22, 1.78, -13.88, 12.06,
730, 13.22, 1.78, -13.88, 12.06,
731, 13.22, 1.78, -13.88, 12.06,
732, 13.22, 1.78, -13.88, 12.06,
733, 13.22, 1.78, -13.88, 12.06,
734, 13.22, 1.78, -13.88, 12.06,
735, 13.22, 1.78, -13.88, 12.06,
736, 13.22, 1.78, -13.88, 12.06,
737, 13.22, 1.78, -13.88, 12.06,
738, 13.22, 1.78, -13.88, 12.06,
739, 13.22, 1.78, -13.88, 12.06,
740, 13.22, 1.78, -13.88, 12.06,
741, 13.22, 1.78, -13.88, 12.06,
742, 13.22, 1.78, -13.88, 12.06,
743, 13.22, 1.78, -13.88, 12.06,
744, 13.22, 1.78, -13.88, 12.06,
745, 13.22, 1.78, -13.88, 12.06,
746, 13.22, 1.79, -13.88, 12.06,
747, 13.22, 1.79, -13.88, 12.06,
748, 13.22, 1.80, -13.88, 12.06,
749, 13.22, 1.80, -13.88, 12.06,
750, 13.22, 1.81, -13.88, 12.06,
751, 13.22, 1.84, -13.88, 12.06,
752, 13.22, 1.82, -13.88, 12.06,
753, 13.22, 1.82, -13.88, 12.06,
754, 13.22, 1.84, -13.88, 12.06,
755, 13.22, 1.82, -13.88, 12.06,
756, 13.23, 1.80, -13.89, 12.06,
757, 13.23, 1.80, -13.89, 12.06,
758, 13.23, 1.80, -13.89, 12.06,
759, 13.23, 1.80, -13.89, 12.06,
760, 13.25, 1.80, -13.91, 12.06,
761, 13.25, 1.80, -13.91, 12.06,
762, 13.26, 1.80, -13.92, 12.06,
763, 13.28, 1.80, -13.94, 12.06,
764, 13.28, 1.80, -13.94, 12.06,
765, 13.28, 1.79, -13.94, 12.06,
766, 13.28, 1.79, -13.94, 12.06,
767, 13.28, 1.80, -13.94, 12.06,
768, 13.28, 1.82, -13.94, 12.06,
769, 13.28, 1.88, -13.94, 12.06,
770, 13.28, 2.03, -13.94, 12.06,
771, 13.28, 2.04, -13.94, 12.06,
772, 13.28, 2.12, -13.94, 12.06,
773, 13.29, 2.21, -13.95, 12.06,
774, 13.31, 2.34, -13.97, 12.06,
775, 13.35, 2.45, -14.01, 12.05,
776, 13.39, 2.57, -14.06, 12.05,
777, 13.44, 2.71, -14.10, 12.04,
778, 13.50, 2.72, -14.16, 12.04,
779, 13.53, 2.81, -14.19, 12.04,
780, 13.56, 2.83, -14.20, 12.04,
781, 13.57, 2.92, -14.22, 12.03,
782, 13.59, 3.16, -14.25, 12.03,
783, 13.60, 3.28, -14.28, 12.03,
784, 13.64, 3.37, -14.31, 12.02,
785, 13.67, 3.64, -14.35, 12.01,
786, 13.67, 3.89, -14.36, 12.01,
787, 13.69, 4.14, -14.36, 12.01,
788, 13.70, 4.14, -14.39, 12.00,
789, 13.73, 4.14, -14.44, 12.00,
790, 13.75, 4.16, -14.45, 12.00,
791, 13.75, 4.22, -14.45, 12.00,
792, 13.76, 4.29, -14.45, 12.00,
793, 13.76, 4.61, -14.45, 12.00,
794, 13.78, 4.95, -14.47, 12.00,
795, 13.79, 5.10, -14.47, 12.00,
796, 13.79, 5.12, -14.47, 11.99,
797, 13.79, 5.12, -14.47, 11.99,
798, 13.79, 5.46, -14.47, 11.99,
799, 13.79, 5.89, -14.47, 11.99,
800, 13.79, 6.05, -14.47, 11.99,
801, 13.79, 6.18, -14.48, 11.99,
802, 13.79, 6.43, -14.48, 11.98,
803, 13.78, 6.56, -14.50, 11.98,
804, 13.76, 6.50, -14.50, 11.98,
805, 13.76, 6.37, -14.50, 11.98,
806, 13.76, 6.21, -14.50, 11.98,
807, 13.76, 6.18, -14.50, 11.98,
808, 13.76, 6.18, -14.50, 11.98,
809, 13.76, 6.18, -14.50, 11.99,
810, 13.76, 6.18, -14.50, 11.99,
811, 13.76, 6.18, -14.50, 11.99,
812, 13.76, 6.18, -14.50, 11.99,
813, 13.76, 6.17, -14.50, 11.99,
814, 13.76, 6.17, -14.50, 11.99,
815, 13.76, 6.17, -14.50, 11.99,
816, 13.75, 6.17, -14.50, 11.99,
817, 13.75, 6.17, -14.50, 11.99,
818, 13.75, 6.15, -14.50, 11.99,
819, 13.75, 6.14, -14.50, 11.99,
820, 13.75, 6.08, -14.51, 11.99,
821, 13.75, 6.00, -14.51, 11.98,
822, 13.75, 6.00, -14.51, 11.98,
823, 13.76, 6.00, -14.51, 11.98,
824, 13.76, 5.99, -14.51, 11.98,
825, 13.76, 5.86, -14.51, 11.98,
826, 13.76, 5.65, -14.51, 11.98,
827, 13.78, 5.47, -14.53, 11.98,
828, 13.79, 5.34, -14.56, 11.98,
829, 13.81, 5.29, -14.57, 11.98,
830, 13.84, 5.20, -14.61, 11.98,
831, 13.94, 5.14, -14.70, 11.97,
832, 13.95, 5.14, -14.73, 11.97,
833, 14.00, 5.14, -14.78, 11.96,
834, 14.03, 5.14, -14.79, 11.96,
835, 14.06, 5.14, -14.81, 11.96,
836, 14.07, 5.14, -14.84, 11.96,
837, 14.06, 5.17, -14.84, 11.96,
838, 14.06, 5.21, -14.84, 11.96,
839, 14.06, 5.21, -14.84, 11.96,
840, 14.06, 5.21, -14.84, 11.96,
841, 14.06, 5.21, -14.84, 11.96,
842, 14.06, 5.21, -14.84, 11.96,
843, 14.04, 5.21, -14.85, 11.95,
844, 14.04, 5.21, -14.85, 11.95,
845, 14.04, 5.22, -14.85, 11.95,
846, 14.04, 5.28, -14.85, 11.95,
847, 14.04, 5.39, -14.85, 11.95,
848, 14.04, 5.63, -14.85, 11.95,
849, 14.04, 6.02, -14.85, 11.95,
850, 14.06, 6.17, -14.85, 11.94,
851, 14.09, 6.27, -14.86, 11.94,
852, 14.10, 6.52, -14.88, 11.94,
853, 14.13, 6.57, -14.91, 11.94,
854, 14.25, 6.57, -14.98, 11.94,
855, 14.78, 6.72, -15.48, 11.87,
856, 14.88, 6.88, -15.59, 11.86,
857, 14.88, 6.89, -15.60, 11.86,
858, 14.89, 6.90, -15.60, 11.86,
859, 14.91, 6.95, -15.63, 11.86,
860, 14.91, 6.97, -15.63, 11.86,
861, 14.94, 7.02, -15.64, 11.86,
862, 14.98, 7.04, -15.69, 11.86,
863, 15.00, 7.07, -15.69, 11.86,
864, 15.47, 7.23, -16.13, 11.82,
865, 15.60, 7.36, -16.28, 11.80,
866, 15.60, 7.36, -16.29, 11.81,
867, 15.60, 7.36, -16.29, 11.81,
868, 15.60, 7.36, -16.29, 11.81,
869, 15.60, 7.43, -16.29, 11.81,
870, 15.60, 7.47, -16.29, 11.81,
871, 15.60, 7.49, -16.29, 11.81,
872, 15.60, 7.49, -16.29, 11.81,
873, 15.60, 7.51, -16.29, 11.81,
874, 15.60, 7.52, -16.29, 11.81,
875, 15.59, 7.53, -16.29, 11.81,
876, 15.59, 7.56, -16.29, 11.81,
877, 15.59, 7.58, -16.29, 11.81,
878, 15.59, 7.58, -16.29, 11.81,
879, 15.59, 7.59, -16.29, 11.81,
880, 15.60, 7.59, -16.29, 11.81,
881, 15.60, 7.59, -16.29, 11.81,
882, 15.60, 7.59, -16.29, 11.81,
883, 15.60, 7.59, -16.29, 11.81,
884, 15.60, 7.59, -16.29, 11.81,
885, 15.60, 7.59, -16.29, 11.81,
886, 15.60, 7.61, -16.29, 11.81,
887, 15.60, 7.62, -16.29, 11.81,
888, 15.60, 7.62, -16.29, 11.81,
889, 15.60, 7.62, -16.29, 11.81,
890, 15.60, 7.62, -16.29, 11.81,
891, 15.60, 7.62, -16.29, 11.81,
892, 15.60, 7.62, -16.29, 11.81,
893, 15.60, 7.61, -16.29, 11.81,
894, 15.60, 7.61, -16.29, 11.81,
895, 15.60, 7.61, -16.29, 11.81,
896, 15.60, 7.61, -16.29, 11.81,
897, 15.60, 7.61, -16.29, 11.80,
898, 15.60, 7.61, -16.29, 11.80,
899, 15.60, 7.61, -16.29, 11.80,
900, 15.60, 7.61, -16.29, 11.80,
901, 15.60, 7.61, -16.29, 11.80,
902, 15.60, 7.61, -16.29, 11.80,
903, 15.60, 7.61, -16.29, 11.80,
904, 15.60, 7.61, -16.29, 11.80,
905, 15.60, 7.61, -16.29, 11.80,
906, 15.60, 7.61, -16.29, 11.80,
907, 15.60, 7.61, -16.29, 11.80,
908, 15.60, 7.61, -16.29, 11.80,
909, 15.60, 7.61, -16.29, 11.80,
910, 15.60, 7.61, -16.29, 11.80,
911, 15.60, 7.61, -16.29, 11.80,
912, 15.60, 7.61, -16.29, 11.80,
913, 15.60, 7.61, -16.29, 11.80,
914, 15.60, 7.61, -16.29, 11.80,
915, 15.60, 7.60, -16.29, 11.80,
916, 15.63, 7.60, -16.31, 11.80,
917, 15.63, 7.60, -16.31, 11.80,
918, 15.63, 7.61, -16.31, 11.80,
919, 15.63, 7.62, -16.31, 11.80,
920, 15.63, 7.64, -16.31, 11.80,
921, 15.63, 7.64, -16.31, 11.80,
922, 15.63, 7.64, -16.31, 11.80,
923, 15.67, 7.52, -16.42, 11.79,
924, 15.82, 7.55, -16.54, 11.78,
925, 15.81, 7.55, -16.58, 11.78,
926, 15.81, 7.55, -16.60, 11.78,
927, 15.81, 7.55, -16.60, 11.78,
928, 15.81, 7.55, -16.60, 11.78,
929, 15.82, 7.55, -16.60, 11.78,
930, 15.82, 7.55, -16.60, 11.78,
931, 15.82, 7.55, -16.60, 11.78,
932, 15.82, 7.55, -16.60, 11.78,
933, 15.82, 7.55, -16.60, 11.78,
934, 15.82, 7.55, -16.60, 11.78,
935, 15.82, 7.55, -16.60, 11.78,
936, 15.82, 7.55, -16.60, 11.78,
937, 15.82, 7.55, -16.60, 11.78,
938, 15.82, 7.55, -16.60, 11.78,
939, 15.82, 7.55, -16.60, 11.78,
940, 15.82, 7.55, -16.60, 11.78,
941, 15.82, 7.55, -16.60, 11.78,
942, 15.82, 7.55, -16.60, 11.78,
943, 15.82, 7.55, -16.60, 11.78,
944, 15.82, 7.55, -16.60, 11.78,
945, 15.82, 7.55, -16.60, 11.78,
946, 15.84, 7.55, -16.60, 11.77,
947, 15.86, 7.55, -16.60, 11.77,
948, 15.91, 7.55, -16.60, 11.76,
949, 15.91, 7.55, -16.60, 11.76,
950, 15.91, 7.55, -16.60, 11.76,
951, 15.91, 7.56, -16.60, 11.76,
952, 15.89, 7.58, -16.61, 11.76,
953, 15.89, 7.58, -16.63, 11.76,
954, 15.89, 7.58, -16.63, 11.76,
955, 15.89, 7.59, -16.63, 11.76,
956, 15.89, 7.60, -16.63, 11.76,
957, 15.89, 7.60, -16.63, 11.76,
958, 15.89, 7.60, -16.63, 11.76,
959, 15.89, 7.53, -16.64, 11.76,
960, 15.89, 7.53, -16.64, 11.76,
961, 15.89, 7.53, -16.64, 11.76,
962, 15.89, 7.53, -16.64, 11.76,
963, 15.89, 7.53, -16.64, 11.76,
964, 15.89, 7.54, -16.64, 11.76,
965, 15.89, 7.54, -16.64, 11.76,
966, 15.89, 7.54, -16.66, 11.76,
967, 15.89, 7.54, -16.66, 11.76,
968, 15.89, 7.54, -16.66, 11.76,
969, 15.89, 7.54, -16.66, 11.76,
970, 15.89, 7.54, -16.66, 11.76,
971, 15.89, 7.54, -16.66, 11.76,
972, 15.89, 7.54, -16.67, 11.76,
973, 15.89, 7.54, -16.67, 11.76,
974, 15.89, 7.54, -16.67, 11.76,
975, 15.89, 7.54, -16.69, 11.76,
976, 15.89, 7.53, -16.69, 11.76,
977, 15.88, 7.53, -16.69, 11.76,
978, 15.88, 7.54, -16.69, 11.76,
979, 15.88, 7.55, -16.69, 11.76,
980, 15.88, 7.57, -16.69, 11.76,
981, 15.88, 7.57, -16.69, 11.76,
982, 15.88, 7.57, -16.69, 11.75,
983, 15.88, 7.57, -16.69, 11.75,
984, 15.88, 7.57, -16.69, 11.75,
985, 15.88, 7.57, -16.69, 11.76,
986, 15.88, 7.57, -16.69, 11.76,
987, 15.88, 7.57, -16.69, 11.76,
988, 15.88, 7.57, -16.69, 11.76,
989, 15.88, 7.57, -16.69, 11.76,
990, 15.88, 7.57, -16.69, 11.76,
991, 15.88, 7.57, -16.69, 11.76,
992, 15.88, 7.57, -16.69, 11.76,
993, 15.88, 7.58, -16.69, 11.76,
994, 15.88, 7.58, -16.69, 11.76,
995, 15.88, 7.58, -16.69, 11.76,
996, 15.88, 7.58, -16.69, 11.76,
997, 15.88, 7.58, -16.69, 11.76,
998, 15.88, 7.58, -16.69, 11.76,
999, 15.88, 7.58, -16.69, 11.76,
1000, 15.88, 7.58, -16.69, 11.76,
1001, 15.88, 7.58, -16.69, 11.76,
1002, 15.88, 7.58, -16.69, 11.76,
1003, 15.88, 7.58, -16.69, 11.76,
1004, 15.88, 7.58, -16.69, 11.76,
1005, 15.88, 7.59, -16.69, 11.76,
1006, 15.88, 7.59, -16.69, 11.76,
1007, 15.88, 7.59, -16.69, 11.76,
1008, 15.88, 7.59, -16.69, 11.76,
1009, 15.88, 7.59, -16.69, 11.76,
1010, 15.88, 7.59, -16.69, 11.76,
1011, 15.88, 7.59, -16.69, 11.76,
1012, 15.88, 7.59, -16.69, 11.76,
1013, 15.88, 7.59, -16.69, 11.76,
1014, 15.88, 7.59, -16.69, 11.76,
1015, 15.88, 7.59, -16.69, 11.76,
1016, 15.88, 7.59, -16.69, 11.76,
1017, 15.88, 7.59, -16.69, 11.76,
1018, 15.88, 7.59, -16.69, 11.76,
1019, 15.88, 7.59, -16.69, 11.76,
1020, 15.88, 7.59, -16.69, 11.76,
1021, 15.88, 7.59, -16.69, 11.76,
1022, 15.88, 7.59, -16.69, 11.76,
1023, 15.88, 7.59, -16.69, 11.76,
1024, 15.88, 7.59, -16.69, 11.76,
1025, 15.88, 7.59, -16.69, 11.76,
1026, 15.88, 7.59, -16.69, 11.76,
1027, 15.86, 7.59, -16.69, 11.76,
1028, 15.86, 7.59, -16.69, 11.76,
1029, 15.85, 7.59, -16.69, 11.76,
1030, 15.85, 7.58, -16.69, 11.76,
1031, 15.85, 7.58, -16.69, 11.76,
1032, 15.85, 7.58, -16.69, 11.76,
1033, 15.85, 7.58, -16.69, 11.76,
1034, 15.85, 7.58, -16.69, 11.76,
1035, 15.85, 7.58, -16.69, 11.76,
1036, 15.85, 7.58, -16.69, 11.76,
1037, 15.85, 7.58, -16.69, 11.76,
1038, 15.85, 7.58, -16.69, 11.76,
1039, 15.85, 7.58, -16.69, 11.76,
1040, 15.85, 7.58, -16.69, 11.76,
1041, 15.85, 7.58, -16.69, 11.76,
1042, 15.85, 7.60, -16.69, 11.76,
1043, 15.85, 7.63, -16.69, 11.76,
1044, 15.85, 7.65, -16.69, 11.76,
1045, 15.85, 7.65, -16.69, 11.76,
1046, 15.85, 7.65, -16.69, 11.76,
1047, 15.85, 7.65, -16.69, 11.76,
1048, 15.85, 7.65, -16.69, 11.76,
1049, 15.85, 7.65, -16.69, 11.76,
1050, 15.85, 7.65, -16.69, 11.76,
1051, 15.85, 7.65, -16.69, 11.76,
1052, 15.85, 7.63, -16.69, 11.76,
1053, 15.85, 7.63, -16.69, 11.76,
1054, 15.85, 7.63, -16.69, 11.76,
1055, 15.85, 7.63, -16.69, 11.76,
1056, 15.85, 7.63, -16.69, 11.76,
1057, 15.85, 7.63, -16.69, 11.76,
1058, 15.85, 7.63, -16.69, 11.76,
1059, 15.85, 7.63, -16.69, 11.76,
1060, 15.85, 7.63, -16.69, 11.76,
1061, 15.85, 7.62, -16.69, 11.76,
1062, 15.85, 7.61, -16.69, 11.76,
1063, 15.85, 7.61, -16.69, 11.76,
1064, 15.85, 7.61, -16.69, 11.76,
1065, 15.85, 7.61, -16.69, 11.77,
1066, 15.85, 7.61, -16.69, 11.77,
1067, 15.85, 7.62, -16.69, 11.77,
1068, 15.85, 7.63, -16.69, 11.77,
1069, 15.85, 7.62, -16.69, 11.77,
1070, 15.85, 7.62, -16.69, 11.77,
1071, 15.85, 7.62, -16.69, 11.77,
1072, 15.85, 7.62, -16.69, 11.76,
1073, 15.85, 7.62, -16.69, 11.76,
1074, 15.85, 7.62, -16.69, 11.76,
1075, 15.85, 7.62, -16.69, 11.76,
1076, 15.85, 7.62, -16.69, 11.76,
1077, 15.85, 7.62, -16.69, 11.76,
1078, 15.85, 7.62, -16.69, 11.76,
1079, 15.85, 7.59, -16.69, 11.76,
1080, 15.85, 7.57, -16.69, 11.76,
1081, 15.84, 7.57, -16.69, 11.76,
1082, 15.84, 7.55, -16.69, 11.76,
1083, 15.84, 7.55, -16.69, 11.76,
1084, 15.84, 7.55, -16.69, 11.76,
1085, 15.84, 7.55, -16.69, 11.76,
1086, 15.84, 7.55, -16.69, 11.76,
1087, 15.84, 7.55, -16.69, 11.76,
1088, 15.84, 7.55, -16.69, 11.76,
1089, 15.84, 7.55, -16.69, 11.76,
1090, 15.84, 7.55, -16.69, 11.76,
1091, 15.84, 7.55, -16.69, 11.76,
1092, 15.84, 7.55, -16.69, 11.76,
1093, 15.84, 7.55, -16.69, 11.76,
1094, 15.84, 7.55, -16.69, 11.76,
1095, 15.84, 7.55, -16.69, 11.76,
1096, 15.84, 7.55, -16.69, 11.76,
1097, 15.84, 7.55, -16.69, 11.76,
1098, 15.84, 7.56, -16.69, 11.76,
1099, 15.84, 7.57, -16.69, 11.76,
1100, 15.84, 7.57, -16.69, 11.76,
1101, 15.84, 7.57, -16.69, 11.76,
1102, 15.84, 7.55, -16.69, 11.76,
1103, 15.84, 7.53, -16.69, 11.76,
1104, 15.84, 7.52, -16.69, 11.76,
1105, 15.84, 7.54, -16.69, 11.76,
1106, 15.84, 7.54, -16.69, 11.76,
1107, 15.82, 7.54, -16.69, 11.76,
1108, 15.82, 7.54, -16.69, 11.76,
1109, 15.82, 7.54, -16.69, 11.76,
1110, 15.82, 7.54, -16.69, 11.76,
1111, 15.82, 7.54, -16.69, 11.76,
1112, 15.82, 7.54, -16.69, 11.76,
1113, 15.82, 7.54, -16.69, 11.76,
1114, 15.82, 7.54, -16.69, 11.76,
1115, 15.82, 7.54, -16.70, 11.76,
1116, 15.82, 7.54, -16.70, 11.76,
1117, 15.82, 7.54, -16.70, 11.76,
1118, 15.82, 7.54, -16.70, 11.76,
1119, 15.82, 7.54, -16.70, 11.76,
1120, 15.82, 7.54, -16.70, 11.76,
1121, 15.82, 7.54, -16.70, 11.76,
1122, 15.82, 7.54, -16.70, 11.76,
1123, 15.82, 7.54, -16.70, 11.76,
1124, 15.82, 7.54, -16.70, 11.76,
1125, 15.82, 7.54, -16.70, 11.76,
1126, 15.82, 7.54, -16.70, 11.76,
1127, 15.82, 7.49, -16.70, 11.76,
1128, 15.81, 7.49, -16.70, 11.76,
1129, 15.81, 7.49, -16.70, 11.76,
1130, 15.81, 7.49, -16.72, 11.76,
1131, 15.81, 7.49, -16.72, 11.77,
1132, 15.81, 7.49, -16.72, 11.77,
1133, 15.82, 7.49, -16.72, 11.77,
1134, 15.82, 7.49, -16.72, 11.77,
1135, 15.82, 7.49, -16.72, 11.77,
1136, 15.82, 7.49, -16.72, 11.77,
1137, 15.84, 7.68, -16.72, 11.77,
1138, 15.84, 7.69, -16.72, 11.76,
1139, 15.84, 7.69, -16.72, 11.76,
1140, 15.84, 7.69, -16.72, 11.76,
1141, 15.84, 7.69, -16.72, 11.76,
1142, 15.84, 7.69, -16.72, 11.76,
1143, 15.84, 7.69, -16.72, 11.76,
1144, 15.84, 7.69, -16.72, 11.76,
1145, 15.84, 7.63, -16.72, 11.76,
1146, 15.84, 7.63, -16.72, 11.76,
1147, 15.84, 7.63, -16.72, 11.76,
1148, 15.84, 7.63, -16.72, 11.76,
1149, 15.84, 7.63, -16.72, 11.76,
1150, 15.84, 7.63, -16.72, 11.76,
1151, 15.84, 7.63, -16.72, 11.76,
1152, 15.84, 7.63, -16.72, 11.77,
1153, 15.84, 7.63, -16.72, 11.77,
1154, 15.84, 7.61, -16.72, 11.77,
1155, 15.84, 7.61, -16.72, 11.77,
1156, 15.84, 7.61, -16.72, 11.77,
1157, 15.85, 7.62, -16.73, 11.77,
1158, 15.85, 7.62, -16.73, 11.77,
1159, 15.85, 7.62, -16.75, 11.77,
1160, 15.86, 7.62, -16.79, 11.77,
1161, 15.91, 7.62, -16.83, 11.77,
1162, 15.95, 7.67, -16.86, 11.77,
1163, 15.97, 7.68, -16.92, 11.77,
1164, 16.00, 7.68, -16.94, 11.77,
1165, 16.04, 7.73, -16.97, 11.77,
1166, 16.22, 7.87, -17.07, 11.75,
1167, 16.33, 7.97, -17.17, 11.74,
1168, 16.44, 8.05, -17.28, 11.73,
1169, 16.60, 8.24, -17.42, 11.72,
1170, 16.70, 8.33, -17.56, 11.71,
1171, 16.75, 8.37, -17.63, 11.71,
1172, 16.81, 8.42, -17.69, 11.70,
1173, 16.86, 8.46, -17.75, 11.70,
1174, 17.03, 8.58, -17.91, 11.68,
1175, 17.19, 8.66, -18.04, 11.67,
1176, 17.29, 8.75, -18.16, 11.66,
1177, 17.50, 8.90, -18.35, 11.64,
1178, 17.76, 9.06, -18.58, 11.62,
1179, 18.03, 9.23, -18.83, 11.59,
1180, 18.13, 9.34, -18.95, 11.58,
1181, 18.17, 9.37, -19.00, 11.57,
1182, 18.22, 9.38, -19.04, 11.56,
1183, 18.38, 9.48, -19.22, 11.54,
1184, 18.64, 9.65, -19.50, 11.51,
1185, 18.98, 9.86, -19.88, 11.48,
1186, 19.33, 10.06, -20.19, 11.44,
1187, 19.42, 10.10, -20.28, 11.44,
1188, 19.42, 10.10, -20.28, 11.44,
1189, 19.44, 10.10, -20.29, 11.44,
1190, 19.53, 10.17, -20.38, 11.43,
1191, 19.83, 10.28, -20.67, 11.41,
1192, 20.16, 10.40, -21.03, 11.38,
1193, 20.25, 10.43, -21.13, 11.38,
1194, 20.26, 10.44, -21.13, 11.38,
1195, 20.26, 10.45, -21.16, 11.38,
1196, 20.26, 10.40, -21.42, 11.38,
1197, 20.28, 10.41, -21.44, 11.37,
1198, 20.30, 10.42, -21.45, 11.36,
1199, 20.30, 10.42, -21.45, 11.35,
1200, 20.30, 10.42, -21.45, 11.35,
1201, 20.29, 10.42, -21.45, 11.35,
1202, 20.28, 10.42, -21.47, 11.35,
1203, 20.26, 10.42, -21.48, 11.35,
1204, 20.26, 10.42, -21.50, 11.35,
1205, 20.26, 10.42, -21.50, 11.35,
1206, 20.26, 10.42, -21.50, 11.35,
1207, 20.26, 10.42, -21.53, 11.35,
1208, 20.28, 10.42, -21.54, 11.35,
1209, 20.28, 10.42, -21.54, 11.35,
1210, 20.29, 10.42, -21.55, 11.35,
1211, 20.29, 10.22, -21.57, 11.35,
1212, 20.30, 10.22, -21.60, 11.35,
1213, 20.41, 10.22, -21.72, 11.35,
1214, 20.54, 10.25, -21.86, 11.34,
1215, 20.57, 10.24, -22.00, 11.33,
1216, 20.58, 10.25, -22.01, 11.33,
1217, 20.66, 10.23, -22.08, 11.33,
1218, 20.76, 10.32, -22.60, 11.33,
1219, 21.13, 10.49, -23.10, 11.30,
1220, 21.58, 10.63, -23.61, 11.27,
1221, 22.00, 10.74, -23.98, 11.25,
1222, 22.35, 10.83, -24.33, 11.22,
1223, 22.80, 10.91, -24.77, 11.18,
1224, 23.20, 10.98, -25.17, 11.15,
1225, 23.66, 11.07, -25.58, 11.11,
1226, 23.91, 11.10, -25.85, 11.08,
1227, 23.92, 11.10, -25.86, 11.07,
1228, 23.92, 11.10, -25.86, 11.07,
1229, 23.95, 11.10, -25.86, 11.07,
1230, 24.01, 11.10, -25.94, 11.07,
1231, 24.04, 11.10, -25.97, 11.06,
1232, 24.04, 11.10, -25.98, 11.06,
1233, 24.08, 11.10, -26.01, 11.06,
1234, 24.36, 11.13, -26.32, 11.04,
1235, 24.88, 11.20, -26.82, 11.00,
1236, 25.24, 11.23, -27.16, 10.97,
1237, 25.67, 11.30, -27.57, 10.94,
1238, 25.97, 11.35, -27.89, 10.91,
1239, 26.14, 11.36, -28.08, 10.90,
1240, 26.23, 11.38, -28.19, 10.89,
1241, 26.24, 11.39, -28.20, 10.89,
1242, 26.24, 11.39, -28.20, 10.89,
1243, 26.26, 11.39, -28.20, 10.88,
1244, 26.26, 11.39, -28.20, 10.88,
1245, 26.26, 11.39, -28.20, 10.88,
1246, 26.26, 11.39, -28.20, 10.88,
1247, 26.26, 11.39, -28.20, 10.88,
1248, 26.26, 11.39, -28.20, 10.87,
1249, 26.27, 11.39, -28.20, 10.87,
1250, 26.27, 11.39, -28.21, 10.87,
1251, 26.27, 11.39, -28.21, 10.87,
1252, 26.27, 11.39, -28.21, 10.87,
1253, 26.27, 11.39, -28.21, 10.87,
1254, 26.27, 11.39, -28.21, 10.87,
1255, 26.24, 11.39, -28.21, 10.87,
1256, 26.24, 11.39, -28.21, 10.87,
1257, 26.23, 11.39, -28.21, 10.87,
1258, 26.23, 11.39, -28.21, 10.87,
1259, 26.23, 11.39, -28.21, 10.87,
1260, 26.23, 11.39, -28.21, 10.87,
1261, 26.23, 11.39, -28.21, 10.87,
1262, 26.23, 11.39, -28.21, 10.87,
1263, 26.23, 11.39, -28.21, 10.87,
1264, 26.23, 11.39, -28.23, 10.87,
1265, 26.23, 11.39, -28.23, 10.87,
1266, 26.23, 11.39, -28.23, 10.87,
1267, 26.23, 11.39, -28.23, 10.86,
1268, 26.23, 11.39, -28.23, 10.86,
1269, 26.23, 11.39, -28.23, 10.86,
1270, 26.23, 11.39, -28.23, 10.86,
1271, 26.23, 11.39, -28.24, 10.86,
1272, 26.23, 11.39, -28.24, 10.86,
1273, 26.23, 11.39, -28.24, 10.86,
1274, 26.23, 11.39, -28.26, 10.86,
1275, 26.23, 11.39, -28.26, 10.86,
1276, 26.23, 11.39, -28.26, 10.86,
1277, 26.23, 11.39, -28.26, 10.86,
1278, 26.24, 11.39, -28.26, 10.86,
1279, 26.24, 11.39, -28.26, 10.87,
1280, 26.24, 11.39, -28.26, 10.87,
1281, 26.27, 11.39, -28.26, 10.87,
1282, 26.29, 11.39, -28.26, 10.87,
1283, 26.29, 11.39, -28.27, 10.87,
1284, 26.29, 11.39, -28.27, 10.87,
1285, 26.29, 11.39, -28.27, 10.87,
1286, 26.29, 11.39, -28.27, 10.87,
1287, 26.29, 11.39, -28.27, 10.87,
1288, 26.29, 11.39, -28.27, 10.87,
1289, 26.29, 11.39, -28.27, 10.87,
1290, 26.29, 11.39, -28.27, 10.87,
1291, 26.29, 11.39, -28.27, 10.87,
1292, 26.29, 11.39, -28.27, 10.87,
1293, 26.29, 11.39, -28.29, 10.87,
1294, 26.29, 11.39, -28.29, 10.87,
1295, 26.29, 11.39, -28.29, 10.87,
1296, 26.29, 11.39, -28.29, 10.87,
1297, 26.30, 11.39, -28.29, 10.87,
1298, 26.32, 11.39, -28.29, 10.87,
1299, 26.32, 11.39, -28.29, 10.87,
1300, 26.32, 11.39, -28.29, 10.87,
1301, 26.32, 11.39, -28.29, 10.87,
1302, 26.33, 11.39, -28.29, 10.87,
1303, 26.33, 11.39, -28.29, 10.87,
1304, 26.33, 11.39, -28.29, 10.87,
1305, 26.33, 11.39, -28.29, 10.87,
1306, 26.33, 11.39, -28.29, 10.87,
1307, 26.33, 11.39, -28.29, 10.87,
1308, 26.33, 11.39, -28.30, 10.87,
1309, 26.33, 11.39, -28.30, 10.87,
1310, 26.33, 11.39, -28.30, 10.87,
1311, 26.33, 11.39, -28.30, 10.87,
1312, 26.33, 11.39, -28.30, 10.87,
1313, 26.33, 11.39, -28.30, 10.87,
1314, 26.33, 11.39, -28.30, 10.87,
1315, 26.33, 11.39, -28.30, 10.87,
1316, 26.35, 11.39, -28.30, 10.87,
1317, 26.35, 11.39, -28.30, 10.87,
1318, 26.35, 11.39, -28.30, 10.87,
1319, 26.35, 11.39, -28.30, 10.87,
1320, 26.35, 11.39, -28.30, 10.87,
1321, 26.35, 11.39, -28.30, 10.87,
1322, 26.35, 11.39, -28.30, 10.87,
1323, 26.35, 11.39, -28.30, 10.87,
1324, 26.35, 11.39, -28.30, 10.87,
1325, 26.35, 11.39, -28.30, 10.87,
1326, 26.35, 11.39, -28.30, 10.87,
1327, 26.35, 11.39, -28.30, 10.87,
1328, 26.35, 11.39, -28.32, 10.87,
1329, 26.35, 11.39, -28.32, 10.87,
1330, 26.35, 11.39, -28.32, 10.87,
1331, 26.35, 11.39, -28.33, 10.87,
1332, 26.35, 11.39, -28.33, 10.87,
1333, 26.35, 11.39, -28.33, 10.87,
1334, 26.35, 11.39, -28.35, 10.87,
1335, 26.36, 11.39, -28.35, 10.87,
1336, 26.38, 11.39, -28.38, 10.87,
1337, 26.41, 11.39, -28.42, 10.87,
1338, 26.55, 11.39, -28.58, 10.87,
1339, 26.64, 11.39, -28.66, 10.87,
1340, 26.70, 11.39, -28.71, 10.87,
1341, 26.80, 11.39, -28.82, 10.85,
1342, 27.10, 11.41, -29.10, 10.83,
1343, 27.52, 11.43, -29.51, 10.81,
1344, 28.02, 11.46, -30.05, 10.77,
1345, 28.35, 11.46, -30.41, 10.75,
1346, 28.66, 11.49, -30.76, 10.71,
1347, 29.23, 11.50, -31.32, 10.67,
1348, 30.13, 11.51, -32.13, 10.60,
1349, 31.49, 11.50, -33.57, 10.50,
1350, 32.80, 11.45, -34.79, 10.40,
1351, 33.45, 11.40, -35.48, 10.35,
1352, 33.70, 11.39, -35.74, 10.34,
1353, 33.93, 11.38, -35.99, 10.32,
1354, 34.43, 11.33, -36.49, 10.29,
1355, 35.04, 11.26, -37.08, 10.25,
1356, 35.43, 11.21, -37.51, 10.21,
1357, 35.74, 11.15, -37.82, 10.20,
1358, 36.08, 11.12, -38.20, 10.17,
1359, 36.51, 11.07, -38.60, 10.15,
1360, 36.93, 11.02, -39.02, 10.12,
1361, 37.43, 10.99, -39.46, 10.08,
1362, 37.76, 10.95, -39.82, 10.06,
1363, 38.07, 10.93, -40.09, 10.04,
1364, 38.45, 10.89, -40.43, 10.02,
1365, 38.82, 10.87, -40.83, 10.00,
1366, 39.29, 10.86, -41.30, 9.98,
1367, 39.89, 10.81, -41.86, 9.93,
1368, 40.46, 10.77, -42.42, 9.90,
1369, 40.95, 10.73, -42.93, 9.87,
1370, 41.37, 10.70, -43.39, 9.84,
1371, 41.84, 10.68, -43.86, 9.81,
1372, 42.30, 10.63, -44.33, 9.79,
1373, 42.67, 10.59, -44.70, 9.76,
1374, 42.95, 10.55, -44.99, 9.75,
1375, 43.24, 10.55, -45.28, 9.73,
1376, 43.54, 10.52, -45.62, 9.71,
1377, 43.86, 10.49, -45.93, 9.69,
1378, 44.30, 10.46, -46.34, 9.67,
1379, 44.74, 10.42, -46.71, 9.65,
1380, 45.09, 10.39, -47.12, 9.63,
1381, 45.52, 10.36, -47.55, 9.60,
1382, 46.01, 10.33, -47.99, 9.57,
1383, 46.23, 10.32, -48.21, 9.56,
1384, 46.43, 10.32, -48.45, 9.55,
1385, 46.62, 10.30, -48.61, 9.54,
1386, 46.71, 10.30, -48.70, 9.54,
1387, 46.76, 10.30, -48.73, 9.54,
1388, 46.80, 10.30, -48.78, 9.54,
1389, 46.98, 10.30, -48.96, 9.53,
1390, 47.30, 10.27, -49.23, 9.52,
1391, 47.74, 10.22, -49.70, 9.49,
1392, 48.14, 10.17, -50.12, 9.47,
1393, 48.25, 10.16, -50.23, 9.46,
1394, 48.25, 10.16, -50.23, 9.46,
1395, 48.25, 10.16, -50.23, 9.45,
1396, 48.25, 10.16, -50.23, 9.45,
1397, 48.25, 10.16, -50.23, 9.44,
1398, 48.25, 10.16, -50.23, 9.44,
1399, 48.25, 10.16, -50.23, 9.44,
1400, 48.25, 10.16, -50.23, 9.44,
1401, 48.25, 10.16, -50.23, 9.44,
1402, 48.25, 10.16, -50.23, 9.44,
1403, 48.25, 10.14, -50.23, 9.44,
1404, 48.25, 10.14, -50.23, 9.44,
1405, 48.25, 10.14, -50.23, 9.44,
1406, 48.25, 10.14, -50.23, 9.44,
1407, 48.25, 10.14, -50.23, 9.44,
1408, 48.25, 10.14, -50.23, 9.44,
1409, 48.25, 10.14, -50.23, 9.44,
1410, 48.25, 10.14, -50.23, 9.44,
1411, 48.25, 10.14, -50.23, 9.44,
1412, 48.25, 10.14, -50.23, 9.44,
1413, 48.25, 10.14, -50.23, 9.44,
1414, 48.25, 10.14, -50.23, 9.44,
1415, 48.25, 10.14, -50.23, 9.44,
1416, 48.25, 10.14, -50.23, 9.44,
1417, 48.25, 10.14, -50.23, 9.44,
1418, 48.25, 10.14, -50.23, 9.44,
1419, 48.25, 10.14, -50.23, 9.44,
1420, 48.25, 10.14, -50.23, 9.44,
1421, 48.25, 10.14, -50.23, 9.44,
1422, 48.25, 10.14, -50.23, 9.44,
1423, 48.25, 10.14, -50.23, 9.44,
1424, 48.25, 10.14, -50.23, 9.44,
1425, 48.25, 10.14, -50.23, 9.44,
1426, 48.25, 10.14, -50.23, 9.44,
1427, 48.25, 10.14, -50.23, 9.44,
1428, 48.25, 10.14, -50.23, 9.44,
1429, 48.25, 10.14, -50.23, 9.44,
1430, 48.25, 10.14, -50.23, 9.44,
1431, 48.25, 10.14, -50.23, 9.44,
1432, 48.25, 10.14, -50.23, 9.44,
1433, 48.25, 10.14, -50.23, 9.44,
1434, 48.25, 10.14, -50.23, 9.44,
1435, 48.25, 10.14, -50.23, 9.44,
1436, 48.25, 10.14, -50.23, 9.44,
1437, 48.25, 10.14, -50.23, 9.44,
1438, 48.25, 10.14, -50.23, 9.44,
1439, 48.25, 10.14, -50.23, 9.44,
1440, 48.25, 10.14, -50.23, 9.44,
1441, 48.25, 10.14, -50.23, 9.44,
1442, 48.25, 10.14, -50.23, 9.44,
1443, 48.25, 10.14, -50.23, 9.44,
1444, 48.27, 10.14, -50.23, 9.44,
1445, 48.27, 10.14, -50.23, 9.44,
1446, 48.27, 10.14, -50.23, 9.44,
1447, 48.27, 10.14, -50.23, 9.44,
1448, 48.27, 10.14, -50.23, 9.44,
1449, 48.27, 10.14, -50.23, 9.44,
1450, 48.27, 10.14, -50.23, 9.44,
1451, 48.27, 10.14, -50.23, 9.44,
1452, 48.27, 10.14, -50.23, 9.44,
1453, 48.27, 10.14, -50.23, 9.44,
1454, 48.27, 10.14, -50.23, 9.44,
1455, 48.27, 10.14, -50.23, 9.44,
1456, 48.27, 10.13, -50.23, 9.44,
1457, 48.27, 10.13, -50.23, 9.44,
1458, 48.27, 10.13, -50.23, 9.44,
1459, 48.27, 10.13, -50.23, 9.44,
1460, 48.25, 10.13, -50.23, 9.44,
1461, 48.25, 10.13, -50.23, 9.44,
1462, 48.25, 10.13, -50.23, 9.44,
1463, 48.25, 10.13, -50.23, 9.44,
1464, 48.25, 10.13, -50.23, 9.44,
1465, 48.25, 10.13, -50.23, 9.44,
1466, 48.25, 10.13, -50.23, 9.44,
1467, 48.25, 10.13, -50.23, 9.44,
1468, 48.25, 10.13, -50.23, 9.44,
1469, 48.25, 10.13, -50.23, 9.44,
1470, 48.25, 10.13, -50.23, 9.44,
1471, 48.25, 10.12, -50.23, 9.44,
1472, 48.25, 10.12, -50.23, 9.44,
1473, 48.25, 10.12, -50.23, 9.44,
1474, 48.25, 10.12, -50.23, 9.44,
1475, 48.25, 10.12, -50.23, 9.44,
1476, 48.25, 10.12, -50.23, 9.44,
1477, 48.25, 10.12, -50.23, 9.44,
1478, 48.25, 10.12, -50.23, 9.44,
1479, 48.25, 10.12, -50.23, 9.44,
1480, 48.25, 10.12, -50.23, 9.44,
1481, 48.25, 10.12, -50.23, 9.44,
1482, 48.25, 10.12, -50.23, 9.44,
1483, 48.25, 10.12, -50.23, 9.44,
1484, 48.25, 10.12, -50.23, 9.44,
1485, 48.28, 10.12, -50.23, 9.44,
1486, 48.28, 10.12, -50.23, 9.44,
1487, 48.30, 10.12, -50.23, 9.44,
1488, 48.30, 10.12, -50.23, 9.44,
1489, 48.30, 10.12, -50.23, 9.44,
1490, 48.30, 10.12, -50.23, 9.44,
1491, 48.30, 10.12, -50.24, 9.44,
1492, 48.30, 10.12, -50.24, 9.44,
1493, 48.30, 10.12, -50.24, 9.44,
1494, 48.30, 10.12, -50.24, 9.44,
1495, 48.30, 10.12, -50.24, 9.44,
1496, 48.30, 10.12, -50.24, 9.44,
1497, 48.30, 10.12, -50.24, 9.44,
1498, 48.30, 10.12, -50.24, 9.44,
1499, 48.30, 10.12, -50.24, 9.44,
1500, 48.30, 10.12, -50.24, 9.44,
1501, 48.30, 10.12, -50.24, 9.44,
1502, 48.30, 10.12, -50.24, 9.44,
1503, 48.30, 10.12, -50.24, 9.44,
1504, 48.30, 10.12, -50.24, 9.44,
1505, 48.30, 10.12, -50.24, 9.44,
1506, 48.30, 10.12, -50.24, 9.44,
1507, 48.31, 10.12, -50.24, 9.44,
1508, 48.31, 10.12, -50.25, 9.44,
1509, 48.31, 10.12, -50.25, 9.44,
1510, 48.31, 10.12, -50.25, 9.44,
1511, 48.31, 10.12, -50.25, 9.44,
1512, 48.37, 10.12, -50.30, 9.44,
1513, 48.45, 10.12, -50.40, 9.44,
1514, 48.48, 10.12, -50.46, 9.44,
1515, 48.52, 10.12, -50.52, 9.44,
1516, 48.70, 10.12, -50.67, 9.44,
1517, 48.92, 10.12, -50.87, 9.43,
1518, 49.17, 10.12, -51.15, 9.42,
1519, 49.27, 10.12, -51.25, 9.41,
1520, 49.55, 10.12, -51.52, 9.40,
1521, 50.09, 10.12, -52.11, 9.37,
1522, 50.61, 10.08, -52.62, 9.35,
1523, 51.17, 10.04, -53.20, 9.32,
1524, 51.70, 10.01, -53.71, 9.29,
1525, 52.17, 9.97, -54.11, 9.27,
1526, 52.46, 9.96, -54.47, 9.26,
1527, 52.75, 9.96, -54.72, 9.25,
1528, 53.02, 9.96, -54.99, 9.24,
1529, 53.31, 9.88, -55.27, 9.23,
1530, 53.58, 9.82, -55.52, 9.22,
1531, 53.96, 9.80, -55.93, 9.19,
1532, 54.31, 9.80, -56.24, 9.18,
1533, 54.62, 9.77, -56.53, 9.17,
1534, 54.90, 9.74, -56.80, 9.16,
1535, 55.12, 9.72, -57.03, 9.15,
1536, 55.36, 9.72, -57.30, 9.15,
1537, 55.55, 9.71, -57.47, 9.13,
1538, 55.83, 9.70, -57.78, 9.12,
1539, 56.15, 9.68, -58.09, 9.11,
1540, 56.31, 9.66, -58.25, 9.10,
1541, 56.47, 9.66, -58.41, 9.10,
1542, 56.71, 9.66, -58.65, 9.09,
1543, 57.03, 9.65, -58.97, 9.07,
1544, 57.30, 9.65, -59.25, 9.05,
1545, 57.56, 9.63, -59.55, 9.03,
1546, 57.89, 9.60, -59.84, 9.03,
1547, 58.18, 9.54, -60.18, 9.02,
1548, 58.58, 9.51, -60.53, 9.01,
1549, 58.97, 9.45, -60.94, 8.99,
1550, 59.36, 9.41, -61.30, 8.97,
1551, 59.78, 9.38, -61.74, 8.96,
1552, 60.22, 9.35, -62.13, 8.94,
1553, 60.75, 9.33, -62.62, 8.93,
1554, 61.13, 9.29, -63.03, 8.91,
1555, 61.62, 9.27, -63.49, 8.89,
1556, 62.02, 9.25, -63.85, 8.88,
1557, 62.30, 9.22, -64.15, 8.86,
1558, 62.53, 9.21, -64.40, 8.86,
1559, 62.71, 9.21, -64.56, 8.85,
1560, 62.84, 9.21, -64.69, 8.84,
1561, 63.02, 9.21, -64.87, 8.84,
1562, 63.19, 9.21, -65.07, 8.84,
1563, 63.44, 9.20, -65.32, 8.83,
1564, 63.72, 9.18, -65.57, 8.82,
1565, 64.02, 9.15, -65.85, 8.80,
1566, 64.43, 9.14, -66.28, 8.79,
1567, 64.80, 9.14, -66.66, 8.77,
1568, 65.12, 9.12, -67.00, 8.76,
1569, 65.47, 9.09, -67.35, 8.75,
1570, 65.97, 9.07, -67.84, 8.74,
1571, 66.44, 9.02, -68.31, 8.73,
1572, 66.80, 9.00, -68.59, 8.72,
1573, 67.16, 8.97, -69.00, 8.71,
1574, 67.59, 8.95, -69.40, 8.70,
1575, 67.99, 8.92, -69.77, 8.70,
1576, 68.34, 8.90, -70.15, 8.69,
1577, 68.66, 8.89, -70.46, 8.67,
1578, 69.10, 8.87, -70.85, 8.67,
1579, 69.63, 8.85, -71.34, 8.65,
1580, 69.94, 8.82, -71.68, 8.65,
1581, 70.13, 8.81, -71.87, 8.64,
1582, 70.27, 8.80, -72.01, 8.64,
1583, 70.41, 8.80, -72.15, 8.64,
1584, 70.56, 8.78, -72.28, 8.64,
1585, 70.75, 8.77, -72.49, 8.64,
1586, 70.99, 8.76, -72.75, 8.64,
1587, 71.26, 8.75, -73.01, 8.62,
1588, 71.85, 8.72, -73.62, 8.60,
1589, 72.28, 8.70, -74.07, 8.59,
1590, 72.88, 8.67, -74.71, 8.58,
1591, 73.44, 8.63, -75.28, 8.56,
1592, 73.84, 8.61, -75.66, 8.55,
1593, 74.25, 8.61, -76.00, 8.54,
1594, 74.56, 8.60, -76.37, 8.53,
1595, 74.88, 8.59, -76.70, 8.53,
1596, 75.34, 8.57, -77.12, 8.52,
1597, 75.68, 8.56, -77.45, 8.51,
1598, 76.00, 8.55, -77.79, 8.51,
1599, 76.23, 8.55, -78.00, 8.50,
1600, 76.38, 8.54, -78.13, 8.50,
1601, 76.59, 8.53, -78.32, 8.49,
1602, 76.76, 8.52, -78.50, 8.49,
1603, 76.97, 8.51, -78.66, 8.49,
1604, 77.19, 8.50, -78.93, 8.48,
1605, 77.51, 8.50, -79.26, 8.48,
1606, 77.91, 8.49, -79.66, 8.47,
1607, 78.41, 8.48, -80.16, 8.46,
1608, 78.85, 8.47, -80.62, 8.45,
1609, 79.25, 8.44, -81.01, 8.45,
1610, 79.54, 8.43, -81.34, 8.44,
1611, 79.85, 8.43, -81.66, 8.44,
1612, 80.06, 8.43, -81.88, 8.43,
1613, 80.16, 8.43, -81.98, 8.43,
1614, 80.22, 8.43, -82.06, 8.43,
1615, 80.32, 8.43, -82.13, 8.43,
1616, 80.44, 8.42, -82.28, 8.43,
1617, 80.56, 8.40, -82.38, 8.43,
1618, 80.66, 8.39, -82.47, 8.43,
1619, 80.78, 8.38, -82.62, 8.43,
1620, 81.01, 8.37, -82.81, 8.42,
1621, 81.15, 8.37, -82.97, 8.42,
1622, 81.45, 8.36, -83.23, 8.42,
1623, 81.84, 8.34, -83.56, 8.41,
1624, 82.20, 8.33, -83.97, 8.41,
1625, 82.51, 8.32, -84.22, 8.40,
1626, 82.84, 8.31, -84.54, 8.40,
1627, 83.04, 8.30, -84.79, 8.40,
1628, 83.29, 8.30, -85.00, 8.40,
1629, 83.51, 8.29, -85.22, 8.39,
1630, 83.67, 8.28, -85.39, 8.39,
1631, 83.85, 8.28, -85.56, 8.39,
1632, 84.10, 8.27, -85.79, 8.39,
1633, 84.35, 8.26, -86.01, 8.38,
1634, 84.57, 8.25, -86.28, 8.38,
1635, 84.82, 8.24, -86.51, 8.38,
1636, 85.01, 8.24, -86.73, 8.38,
1637, 85.20, 8.23, -86.91, 8.38,
1638, 85.36, 8.22, -87.09, 8.38,
1639, 85.56, 8.22, -87.28, 8.38,
1640, 85.73, 8.22, -87.45, 8.37,
1641, 85.97, 8.21, -87.69, 8.37,
1642, 86.29, 8.20, -88.00, 8.37,
1643, 86.59, 8.18, -88.31, 8.36,
1644, 86.88, 8.18, -88.61, 8.36,
1645, 87.11, 8.18, -88.88, 8.36,
1646, 87.26, 8.18, -89.03, 8.35,
1647, 87.31, 8.18, -89.06, 8.35,
1648, 87.31, 8.17, -89.06, 8.35,
1649, 87.31, 8.17, -89.06, 8.35,
1650, 87.32, 8.17, -89.06, 8.35,
1651, 87.32, 8.17, -89.06, 8.35,
1652, 87.32, 8.17, -89.06, 8.35,
1653, 87.32, 8.17, -89.07, 8.35,
1654, 87.32, 8.17, -89.07, 8.35,
1655, 87.32, 8.17, -89.07, 8.35,
1656, 87.32, 8.17, -89.07, 8.35,
1657, 87.32, 8.17, -89.07, 8.35,
1658, 87.32, 8.17, -89.07, 8.35,
1659, 87.32, 8.17, -89.07, 8.35,
1660, 87.32, 8.17, -89.07, 8.35,
1661, 87.32, 8.17, -89.07, 8.35,
1662, 87.32, 8.17, -89.07, 8.35,
1663, 87.32, 8.17, -89.07, 8.35,
1664, 87.32, 8.17, -89.07, 8.35,
1665, 87.32, 8.17, -89.07, 8.35,
1666, 87.32, 8.17, -89.07, 8.35,
1667, 87.32, 8.17, -89.07, 8.35,
1668, 87.32, 8.17, -89.07, 8.35,
1669, 87.32, 8.17, -89.07, 8.35,
1670, 87.32, 8.17, -89.07, 8.35,
1671, 87.32, 8.17, -89.07, 8.34,
1672, 87.32, 8.17, -89.07, 8.34,
1673, 87.32, 8.17, -89.07, 8.34,
1674, 87.32, 8.17, -89.08, 8.34,
1675, 87.32, 8.17, -89.08, 8.34,
1676, 87.32, 8.17, -89.08, 8.34,
1677, 87.32, 8.17, -89.08, 8.34,
1678, 87.32, 8.17, -89.08, 8.34,
1679, 87.32, 8.17, -89.08, 8.34,
1680, 87.32, 8.17, -89.08, 8.34,
1681, 87.32, 8.17, -89.08, 8.34,
1682, 87.32, 8.17, -89.08, 8.34,
1683, 87.34, 8.17, -89.08, 8.34,
1684, 87.35, 8.17, -89.08, 8.34,
1685, 87.35, 8.17, -89.08, 8.34,
1686, 87.35, 8.17, -89.08, 8.34,
1687, 87.35, 8.17, -89.08, 8.34,
1688, 87.36, 8.17, -89.08, 8.34,
1689, 87.36, 8.17, -89.08, 8.34,
1690, 87.36, 8.17, -89.08, 8.34,
1691, 87.36, 8.17, -89.08, 8.34,
1692, 87.45, 8.17, -89.08, 8.34,
1693, 87.47, 8.17, -89.08, 8.34,
1694, 87.47, 8.17, -89.08, 8.34,
1695, 87.47, 8.17, -89.08, 8.34,
1696, 87.47, 8.17, -89.08, 8.34,
1697, 87.47, 8.17, -89.08, 8.34,
1698, 87.47, 8.17, -89.08, 8.34,
1699, 87.48, 8.17, -89.08, 8.34,
1700, 87.48, 8.17, -89.08, 8.34,
1701, 87.48, 8.17, -89.08, 8.34,
1702, 87.48, 8.17, -89.08, 8.34,
1703, 87.48, 8.17, -89.08, 8.34,
1704, 87.48, 8.17, -89.08, 8.34,
1705, 87.48, 8.17, -89.08, 8.34,
1706, 87.48, 8.17, -89.08, 8.34,
1707, 87.48, 8.17, -89.08, 8.34,
1708, 87.48, 8.17, -89.08, 8.34,
1709, 87.48, 8.17, -89.08, 8.34,
1710, 87.48, 8.17, -89.08, 8.34,
1711, 87.48, 8.17, -89.08, 8.34,
1712, 87.48, 8.17, -89.08, 8.34,
1713, 87.48, 8.17, -89.08, 8.34,
1714, 87.48, 8.17, -89.08, 8.34,
1715, 87.48, 8.17, -89.08, 8.34,
1716, 87.48, 8.17, -89.08, 8.34,
1717, 87.50, 8.17, -89.08, 8.34,
1718, 87.50, 8.17, -89.08, 8.34,
1719, 87.50, 8.17, -89.08, 8.34,
1720, 87.50, 8.17, -89.08, 8.34,
1721, 87.50, 8.17, -89.08, 8.34,
1722, 87.50, 8.17, -89.08, 8.34,
1723, 87.50, 8.17, -89.08, 8.34,
1724, 87.50, 8.17, -89.08, 8.34,
1725, 87.50, 8.17, -89.08, 8.34,
1726, 87.50, 8.17, -89.08, 8.34,
1727, 87.50, 8.17, -89.08, 8.34,
1728, 87.50, 8.17, -89.08, 8.34,
1729, 87.50, 8.17, -89.08, 8.34,
1730, 87.50, 8.17, -89.08, 8.34,
1731, 87.50, 8.17, -89.10, 8.34,
1732, 87.51, 8.17, -89.10, 8.34,
1733, 87.56, 8.17, -89.14, 8.34,
1734, 87.57, 8.17, -89.17, 8.34,
1735, 87.59, 8.17, -89.20, 8.34,
1736, 87.64, 8.17, -89.26, 8.34,
1737, 87.70, 8.17, -89.32, 8.34,
1738, 87.79, 8.16, -89.41, 8.34,
1739, 87.95, 8.16, -89.57, 8.34,
1740, 88.20, 8.16, -89.82, 8.34,
1741, 88.51, 8.16, -90.13, 8.34,
1742, 88.76, 8.14, -90.36, 8.34,
1743, 89.11, 8.13, -90.64, 8.34,
1744, 89.41, 8.12, -90.97, 8.34,
1745, 89.73, 8.11, -91.32, 8.34,
1746, 90.16, 8.10, -91.67, 8.33,
1747, 90.56, 8.10, -92.10, 8.33,
1748, 91.08, 8.10, -92.63, 8.33,
1749, 91.63, 8.08, -93.13, 8.33,
1750, 91.97, 8.06, -93.44, 8.33,
1751, 92.20, 8.04, -93.70, 8.33,
1752, 92.36, 8.04, -93.88, 8.33,
1753, 92.48, 8.03, -93.98, 8.33,
1754, 92.61, 8.03, -94.10, 8.33,
1755, 92.75, 8.03, -94.25, 8.33,
1756, 92.97, 8.03, -94.50, 8.33,
1757, 93.26, 8.03, -94.76, 8.33,
1758, 93.53, 8.03, -95.05, 8.32,
1759, 93.75, 8.03, -95.27, 8.32,
1760, 94.01, 8.03, -95.54, 8.32,
1761, 94.17, 8.03, -95.72, 8.32,
1762, 94.29, 8.03, -95.83, 8.32,
1763, 94.42, 8.03, -95.98, 8.32,
1764, 94.55, 8.03, -96.11, 8.32,
1765, 94.70, 8.03, -96.27, 8.32,
1766, 94.91, 8.03, -96.47, 8.32,
1767, 95.13, 8.03, -96.70, 8.32,
1768, 95.48, 8.03, -97.07, 8.32,
1769, 95.80, 8.03, -97.41, 8.32,
1770, 96.19, 8.02, -97.74, 8.32,
1771, 96.61, 8.01, -98.14, 8.32,
1772, 97.08, 8.01, -98.61, 8.32,
1773, 97.54, 7.99, -99.02, 8.32,
1774, 97.94, 7.99, -99.45, 8.32,
1775, 98.42, 7.99, -99.89, 8.32,
1776, 98.83, 7.99, -100.27, 8.32,
1777, 99.19, 7.98, -100.61, 8.32,
1778, 99.49, 7.97, -100.94, 8.32,
1779, 99.76, 7.95, -101.23, 8.32,
1780, 99.99, 7.95, -101.44, 8.32,
1781, 100.23, 7.95, -101.69, 8.32,
1782, 100.52, 7.95, -101.96, 8.32,
1783, 100.79, 7.95, -102.24, 8.33,
1784, 100.99, 7.95, -102.46, 8.33,
1785, 101.24, 7.95, -102.70, 8.34,
1786, 101.42, 7.95, -102.91, 8.34,
1787, 101.60, 7.95, -103.07, 8.34,
1788, 101.69, 7.93, -103.17, 8.34,
1789, 101.77, 7.92, -103.30, 8.34,
1790, 101.88, 7.92, -103.39, 8.34,
1791, 102.01, 7.91, -103.52, 8.34,
1792, 102.21, 7.91, -103.73, 8.34,
1793, 102.36, 7.91, -103.91, 8.34,
1794, 102.60, 7.91, -104.13, 8.34,
1795, 102.91, 7.91, -104.45, 8.35,
1796, 103.26, 7.90, -104.79, 8.35,
1797, 103.61, 7.89, -105.13, 8.35,
1798, 104.04, 7.89, -105.52, 8.36,
1799, 104.42, 7.88, -105.88, 8.36,
1800, 104.79, 7.87, -106.21, 8.36,
1801, 105.15, 7.87, -106.61, 8.37,
1802, 105.42, 7.86, -106.86, 8.37,
1803, 105.76, 7.86, -107.17, 8.38,
1804, 106.02, 7.86, -107.45, 8.38,
1805, 106.38, 7.86, -107.77, 8.38,
1806, 106.60, 7.86, -107.99, 8.38,
1807, 106.82, 7.86, -108.20, 8.39,
1808, 107.02, 7.86, -108.43, 8.39,
1809, 107.15, 7.86, -108.57, 8.39,
1810, 107.30, 7.86, -108.67, 8.40,
1811, 107.48, 7.86, -108.89, 8.40,
1812, 107.71, 7.86, -109.12, 8.40,
1813, 108.04, 7.85, -109.43, 8.41,
1814, 108.27, 7.85, -109.70, 8.41,
1815, 108.54, 7.85, -109.96, 8.41,
1816, 108.76, 7.85, -110.18, 8.41,
1817, 108.98, 7.85, -110.40, 8.42,
1818, 109.23, 7.85, -110.68, 8.42,
1819, 109.57, 7.85, -111.02, 8.43,
1820, 109.82, 7.85, -111.29, 8.43,
1821, 110.20, 7.85, -111.65, 8.44,
1822, 110.52, 7.85, -112.01, 8.44,
1823, 110.99, 7.85, -112.45, 8.45,
1824, 111.57, 7.85, -112.98, 8.46,
1825, 112.08, 7.85, -113.49, 8.47,
1826, 112.45, 7.85, -113.87, 8.47,
1827, 112.67, 7.85, -114.08, 8.48,
1828, 112.89, 7.85, -114.30, 8.48,
1829, 113.11, 7.85, -114.48, 8.48,
1830, 113.34, 7.83, -114.73, 8.50,
1831, 113.55, 7.82, -114.90, 8.50,
1832, 113.57, 7.81, -114.92, 8.50,
1833, 113.57, 7.81, -114.92, 8.50,
1834, 113.57, 7.81, -114.92, 8.50,
1835, 113.57, 7.81, -114.92, 8.50,
1836, 113.57, 7.81, -114.92, 8.50,
1837, 113.57, 7.81, -114.92, 8.50,
1838, 113.57, 7.81, -114.92, 8.50,
1839, 113.57, 7.81, -114.92, 8.50,
1840, 113.57, 7.81, -114.93, 8.50,
1841, 113.55, 7.81, -114.93, 8.50,
1842, 113.55, 7.81, -114.93, 8.50,
1843, 113.55, 7.81, -114.93, 8.50,
1844, 113.54, 7.81, -114.95, 8.50,
1845, 113.54, 7.80, -114.95, 8.50,
1846, 113.54, 7.80, -114.95, 8.50,
1847, 113.54, 7.80, -114.95, 8.50,
1848, 113.54, 7.80, -114.95, 8.50,
1849, 113.54, 7.80, -114.95, 8.50,
1850, 113.54, 7.80, -114.95, 8.50,
1851, 113.54, 7.80, -114.95, 8.50,
1852, 113.54, 7.80, -114.95, 8.50,
1853, 113.54, 7.80, -114.95, 8.50,
1854, 113.54, 7.80, -114.95, 8.50,
1855, 113.54, 7.80, -114.95, 8.50,
1856, 113.54, 7.80, -114.95, 8.50,
1857, 113.54, 7.80, -114.95, 8.50,
1858, 113.54, 7.80, -114.95, 8.50,
1859, 113.54, 7.80, -114.95, 8.50,
1860, 113.54, 7.80, -114.95, 8.50,
1861, 113.54, 7.80, -114.95, 8.50,
1862, 113.54, 7.80, -114.95, 8.50,
1863, 113.54, 7.80, -114.95, 8.50,
1864, 113.54, 7.80, -114.95, 8.50,
1865, 113.54, 7.80, -114.95, 8.50,
1866, 113.54, 7.80, -114.95, 8.50,
1867, 113.54, 7.80, -114.95, 8.50,
1868, 113.58, 7.80, -114.98, 8.50,
1869, 113.62, 7.80, -115.04, 8.51,
1870, 113.89, 7.80, -115.30, 8.52,
1871, 114.14, 7.80, -115.52, 8.52,
1872, 114.27, 7.80, -115.68, 8.52,
1873, 114.43, 7.80, -115.86, 8.52,
1874, 114.64, 7.80, -116.04, 8.53,
1875, 114.84, 7.80, -116.29, 8.53,
1876, 115.20, 7.80, -116.61, 8.54,
1877, 115.45, 7.80, -116.90, 8.54,
1878, 115.61, 7.80, -117.05, 8.54,
1879, 115.80, 7.80, -117.27, 8.55,
1880, 116.02, 7.80, -117.48, 8.56,
1881, 116.26, 7.80, -117.73, 8.56,
1882, 116.58, 7.80, -118.09, 8.57,
1883, 116.95, 7.80, -118.45, 8.58,
1884, 117.43, 7.80, -118.92, 8.60,
1885, 117.98, 7.80, -119.49, 8.60,
1886, 118.58, 7.80, -120.02, 8.63,
1887, 119.26, 7.80, -120.73, 8.64,
1888, 119.86, 7.80, -121.31, 8.66,
1889, 120.17, 7.80, -121.59, 8.66,
1890, 120.56, 7.80, -121.96, 8.67,
1891, 121.00, 7.80, -122.39, 8.68,
1892, 121.40, 7.80, -122.77, 8.68,
1893, 121.70, 7.80, -123.05, 8.70,
1894, 121.90, 7.80, -123.30, 8.70,
1895, 122.20, 7.80, -123.59, 8.71,
1896, 122.72, 7.80, -124.12, 8.73,
1897, 123.33, 7.80, -124.74, 8.74,
1898, 123.80, 7.80, -125.21, 8.76,
1899, 124.15, 7.80, -125.58, 8.78,
1900, 124.47, 7.80, -125.94, 8.78,
1901, 124.93, 7.80, -126.36, 8.80,
1902, 125.37, 7.80, -126.87, 8.82,
1903, 125.93, 7.80, -127.33, 8.83,
1904, 126.52, 7.80, -127.93, 8.86,
1905, 127.17, 7.80, -128.50, 8.89,
1906, 127.69, 7.80, -129.05, 8.91,
1907, 128.31, 7.80, -129.62, 8.93,
1908, 128.87, 7.80, -130.16, 8.94,
1909, 129.24, 7.80, -130.58, 8.96,
1910, 129.58, 7.80, -130.91, 8.98,
1911, 129.96, 7.80, -131.27, 8.99,
1912, 130.22, 7.80, -131.56, 8.99,
1913, 130.59, 7.80, -131.93, 9.01,
1914, 130.97, 7.80, -132.31, 9.04,
1915, 131.22, 7.80, -132.56, 9.05,
1916, 131.43, 7.80, -132.78, 9.05,
1917, 131.75, 7.80, -133.13, 9.09,
1918, 132.09, 7.80, -133.44, 9.10,
1919, 132.46, 7.82, -133.87, 9.12,
1920, 132.78, 7.82, -134.21, 9.14,
1921, 133.05, 7.82, -134.44, 9.15,
1922, 133.30, 7.82, -134.62, 9.16,
1923, 133.59, 7.82, -134.94, 9.17,
1924, 133.94, 7.83, -135.28, 9.19,
1925, 134.22, 7.83, -135.52, 9.19,
1926, 134.40, 7.84, -135.68, 9.21,
1927, 134.55, 7.84, -135.83, 9.22,
1928, 134.72, 7.85, -136.05, 9.23,
1929, 134.97, 7.85, -136.28, 9.24,
1930, 135.28, 7.85, -136.55, 9.25,
1931, 135.50, 7.85, -136.78, 9.26,
1932, 135.65, 7.85, -136.91, 9.27,
1933, 135.72, 7.85, -136.97, 9.27,
1934, 135.77, 7.86, -137.03, 9.27,
1935, 135.80, 7.86, -137.05, 9.27,
1936, 135.80, 7.86, -137.06, 9.27,
1937, 135.80, 7.86, -137.06, 9.27,
1938, 135.80, 7.87, -137.06, 9.27,
1939, 135.80, 7.87, -137.06, 9.27,
1940, 135.80, 7.88, -137.06, 9.27,
1941, 135.80, 7.88, -137.06, 9.27,
1942, 135.81, 7.88, -137.06, 9.27,
1943, 135.81, 7.88, -137.06, 9.27,
1944, 135.81, 7.89, -137.06, 9.27,
1945, 135.81, 7.91, -137.06, 9.27,
1946, 135.81, 7.91, -137.06, 9.27,
1947, 135.81, 7.91, -137.06, 9.27,
1948, 135.81, 7.91, -137.06, 9.27,
1949, 135.81, 7.91, -137.06, 9.27,
1950, 135.81, 7.91, -137.06, 9.27,
1951, 135.81, 7.91, -137.06, 9.27,
1952, 135.81, 7.91, -137.06, 9.27,
1953, 135.81, 7.91, -137.06, 9.27,
1954, 135.81, 7.91, -137.06, 9.27,
1955, 135.81, 7.91, -137.07, 9.27,
1956, 135.83, 7.91, -137.07, 9.27,
1957, 135.83, 7.91, -137.07, 9.27,
1958, 135.83, 7.91, -137.07, 9.27,
1959, 135.83, 7.91, -137.07, 9.27,
1960, 135.83, 7.91, -137.07, 9.27,
1961, 135.83, 7.91, -137.07, 9.27,
1962, 135.83, 7.91, -137.07, 9.27,
1963, 135.83, 7.91, -137.07, 9.27,
1964, 135.83, 7.91, -137.07, 9.27,
1965, 135.83, 7.91, -137.07, 9.27,
1966, 135.83, 7.91, -137.07, 9.27,
1967, 135.83, 7.91, -137.07, 9.27,
1968, 135.83, 7.91, -137.07, 9.27,
1969, 135.83, 7.91, -137.07, 9.27,
1970, 135.83, 7.91, -137.07, 9.27,
1971, 135.83, 7.91, -137.07, 9.27,
1972, 135.83, 7.91, -137.07, 9.27,
1973, 135.83, 7.91, -137.07, 9.27,
1974, 135.83, 7.91, -137.07, 9.27,
1975, 135.83, 7.91, -137.07, 9.27,
1976, 135.83, 7.91, -137.07, 9.27,
1977, 135.83, 7.91, -137.07, 9.27,
1978, 135.83, 7.91, -137.07, 9.27,
1979, 135.83, 7.91, -137.07, 9.27,
1980, 135.83, 7.91, -137.07, 9.27,
1981, 135.83, 7.91, -137.07, 9.27,
1982, 135.83, 7.91, -137.07, 9.27,
1983, 135.83, 7.91, -137.07, 9.27,
1984, 135.83, 7.91, -137.07, 9.27,
1985, 135.83, 7.91, -137.07, 9.27,
1986, 135.83, 7.91, -137.07, 9.27,
1987, 135.83, 7.91, -137.07, 9.27,
1988, 135.83, 7.91, -137.07, 9.27,
1989, 135.83, 7.91, -137.07, 9.27,
1990, 135.83, 7.91, -137.07, 9.27,
1991, 135.83, 7.91, -137.07, 9.27,
1992, 135.83, 7.91, -137.07, 9.27,
1993, 135.83, 7.91, -137.07, 9.27,
1994, 135.83, 7.91, -137.07, 9.27,
1995, 135.83, 7.91, -137.07, 9.27,
1996, 135.83, 7.91, -137.07, 9.27,
1997, 135.83, 7.91, -137.07, 9.27,
1998, 135.83, 7.91, -137.07, 9.27,
1999, 135.83, 7.91, -137.07, 9.27,
2000, 135.83, 7.91, -137.07, 9.27,
2001, 135.83, 7.91, -137.07, 9.27,
2002, 135.83, 7.91, -137.07, 9.27,
2003, 135.83, 7.91, -137.07, 9.27,
2004, 135.83, 7.91, -137.07, 9.27,
2005, 135.83, 7.91, -137.07, 9.27,
2006, 135.83, 7.91, -137.07, 9.27,
2007, 135.83, 7.91, -137.07, 9.27,
2008, 135.83, 7.91, -137.07, 9.27,
2009, 135.83, 7.91, -137.07, 9.27,
2010, 135.83, 7.91, -137.07, 9.27,
2011, 135.83, 7.91, -137.07, 9.27,
2012, 135.83, 7.91, -137.07, 9.27,
2013, 135.83, 7.91, -137.07, 9.27,
2014, 135.83, 7.91, -137.07, 9.27,
2015, 135.83, 7.91, -137.07, 9.27,
2016, 135.83, 7.91, -137.07, 9.27,
2017, 135.83, 7.91, -137.07, 9.27,
2018, 135.83, 7.91, -137.07, 9.27,
2019, 135.83, 7.91, -137.07, 9.27,
2020, 135.83, 7.91, -137.07, 9.27,
2021, 135.83, 7.91, -137.07, 9.27,
2022, 135.83, 7.91, -137.07, 9.27,
2023, 135.83, 7.91, -137.07, 9.27,
2024, 135.83, 7.91, -137.07, 9.27,
2025, 135.83, 7.91, -137.07, 9.27,
2026, 135.83, 7.91, -137.07, 9.27,
2027, 135.83, 7.91, -137.07, 9.27,
2028, 135.83, 7.91, -137.07, 9.27,
2029, 135.83, 7.88, -137.07, 9.27,
2030, 135.83, 7.88, -137.09, 9.27,
2031, 135.83, 7.88, -137.09, 9.27,
2032, 135.83, 7.88, -137.09, 9.27,
2033, 135.83, 7.88, -137.09, 9.27,
2034, 135.83, 7.88, -137.09, 9.27,
2035, 135.83, 7.88, -137.09, 9.27,
2036, 135.83, 7.88, -137.09, 9.27,
2037, 135.83, 7.88, -137.09, 9.27,
2038, 135.83, 7.88, -137.09, 9.27,
2039, 135.83, 7.88, -137.09, 9.27,
2040, 135.83, 7.88, -137.09, 9.27,
2041, 135.83, 7.88, -137.09, 9.27,
2042, 135.83, 7.87, -137.09, 9.27,
2043, 135.83, 7.87, -137.09, 9.27,
2044, 135.83, 7.88, -137.09, 9.27,
2045, 135.83, 7.88, -137.09, 9.27,
2046, 135.83, 7.88, -137.09, 9.27,
2047, 135.83, 7.88, -137.09, 9.27,
2048, 135.83, 7.88, -137.09, 9.27,
2049, 135.83, 7.88, -137.09, 9.27,
2050, 135.83, 7.88, -137.09, 9.27,
2051, 135.83, 7.88, -137.09, 9.27,
2052, 135.83, 7.88, -137.09, 9.27,
2053, 135.83, 7.88, -137.09, 9.27,
2054, 135.83, 7.88, -137.09, 9.27,
2055, 135.83, 7.88, -137.09, 9.27,
2056, 135.83, 7.88, -137.09, 9.27,
2057, 135.83, 7.88, -137.09, 9.27,
2058, 135.83, 7.88, -137.09, 9.27,
2059, 135.83, 7.88, -137.10, 9.27,
2060, 135.83, 7.88, -137.10, 9.27,
2061, 135.83, 7.88, -137.10, 9.27,
2062, 135.83, 7.88, -137.10, 9.27,
2063, 135.83, 7.88, -137.10, 9.27,
2064, 135.83, 7.88, -137.10, 9.27,
2065, 135.83, 7.88, -137.10, 9.27,
2066, 135.83, 7.88, -137.10, 9.27,
2067, 135.83, 7.88, -137.10, 9.27,
2068, 135.83, 7.88, -137.10, 9.27,
2069, 135.83, 7.88, -137.10, 9.27,
2070, 135.83, 7.88, -137.10, 9.27,
2071, 135.84, 7.88, -137.12, 9.27,
2072, 135.84, 7.88, -137.12, 9.27,
2073, 135.84, 7.88, -137.12, 9.27,
2074, 135.84, 7.88, -137.12, 9.27,
2075, 135.84, 7.88, -137.12, 9.27,
2076, 135.84, 7.88, -137.12, 9.27,
2077, 135.84, 7.88, -137.12, 9.27,
2078, 135.84, 7.88, -137.12, 9.27,
2079, 135.84, 7.88, -137.12, 9.27,
2080, 135.84, 7.88, -137.12, 9.27,
2081, 135.84, 7.88, -137.12, 9.27,
2082, 135.84, 7.88, -137.12, 9.27,
2083, 135.84, 7.88, -137.12, 9.27,
2084, 135.84, 7.88, -137.12, 9.27,
2085, 135.84, 7.88, -137.12, 9.27,
2086, 135.84, 7.88, -137.12, 9.27,
2087, 135.84, 7.88, -137.12, 9.27,
2088, 135.84, 7.88, -137.12, 9.27,
2089, 135.84, 7.88, -137.12, 9.27,
2090, 135.84, 7.88, -137.12, 9.27,
2091, 135.84, 7.88, -137.12, 9.27,
2092, 135.84, 7.88, -137.12, 9.27,
2093, 135.84, 7.91, -137.12, 9.27,
2094, 135.84, 7.91, -137.12, 9.27,
2095, 135.84, 7.91, -137.12, 9.27,
2096, 135.84, 7.91, -137.12, 9.27,
2097, 135.84, 7.91, -137.12, 9.27,
2098, 135.84, 7.91, -137.12, 9.27,
2099, 135.84, 7.91, -137.12, 9.27,
2100, 135.84, 7.91, -137.12, 9.27,
2101, 135.84, 7.91, -137.12, 9.27,
2102, 135.84, 7.91, -137.12, 9.27,
2103, 135.84, 7.91, -137.12, 9.27,
2104, 135.84, 7.91, -137.12, 9.27,
2105, 135.84, 7.91, -137.12, 9.27,
2106, 135.84, 7.91, -137.12, 9.27,
2107, 135.84, 7.91, -137.12, 9.27,
2108, 135.84, 7.91, -137.12, 9.27,
2109, 135.84, 7.91, -137.12, 9.27,
2110, 135.84, 7.91, -137.12, 9.27,
2111, 135.84, 7.91, -137.12, 9.27,
2112, 135.84, 7.91, -137.12, 9.27,
2113, 135.84, 7.91, -137.12, 9.27,
2114, 135.84, 7.91, -137.12, 9.27,
2115, 135.84, 7.91, -137.12, 9.27,
2116, 135.84, 7.91, -137.12, 9.27,
2117, 135.84, 7.90, -137.12, 9.27,
2118, 135.84, 7.89, -137.12, 9.27,
2119, 135.85, 7.89, -137.12, 9.27,
2120, 135.85, 7.89, -137.12, 9.27,
2121, 135.85, 7.89, -137.12, 9.27,
2122, 135.87, 7.85, -137.12, 9.27,
2123, 135.87, 7.85, -137.12, 9.27,
2124, 135.87, 7.86, -137.12, 9.27,
2125, 135.87, 7.87, -137.12, 9.27,
2126, 135.87, 7.87, -137.12, 9.27,
2127, 135.87, 7.88, -137.12, 9.27,
2128, 135.87, 7.88, -137.12, 9.27,
2129, 135.87, 7.89, -137.12, 9.27,
2130, 135.87, 7.89, -137.12, 9.27,
2131, 135.87, 7.89, -137.12, 9.27,
2132, 135.87, 7.89, -137.12, 9.27,
2133, 135.87, 7.89, -137.12, 9.27,
2134, 135.87, 7.89, -137.12, 9.27,
2135, 135.87, 7.90, -137.12, 9.27,
2136, 135.87, 7.90, -137.12, 9.27,
2137, 135.87, 7.89, -137.12, 9.27,
2138, 135.87, 7.89, -137.12, 9.27,
2139, 135.87, 7.89, -137.12, 9.27,
2140, 135.87, 7.89, -137.12, 9.27,
2141, 135.87, 7.89, -137.12, 9.27,
2142, 135.87, 7.89, -137.12, 9.27,
2143, 135.87, 7.89, -137.12, 9.27,
2144, 135.87, 7.90, -137.12, 9.27,
2145, 135.87, 7.90, -137.12, 9.27,
2146, 135.87, 7.90, -137.12, 9.27,
2147, 135.87, 7.90, -137.12, 9.27,
2148, 135.87, 7.90, -137.12, 9.27,
2149, 135.87, 7.89, -137.12, 9.27,
2150, 135.87, 7.89, -137.12, 9.27,
2151, 135.87, 7.89, -137.12, 9.27,
2152, 135.87, 7.89, -137.12, 9.27,
2153, 135.87, 7.89, -137.12, 9.27,
2154, 135.87, 7.89, -137.12, 9.27,
2155, 135.87, 7.89, -137.12, 9.27,
2156, 135.87, 7.89, -137.12, 9.27,
2157, 135.87, 7.89, -137.12, 9.27,
2158, 135.87, 7.89, -137.12, 9.27,
2159, 135.87, 7.89, -137.12, 9.27,
2160, 135.87, 7.89, -137.13, 9.27,
2161, 135.87, 7.89, -137.13, 9.27,
2162, 135.87, 7.89, -137.13, 9.27,
2163, 135.87, 7.89, -137.13, 9.27,
2164, 135.87, 7.89, -137.13, 9.27,
2165, 135.87, 7.89, -137.13, 9.27,
2166, 135.87, 7.89, -137.13, 9.27,
2167, 135.87, 7.89, -137.13, 9.27,
2168, 135.87, 7.89, -137.13, 9.27,
2169, 135.87, 7.89, -137.13, 9.27,
2170, 135.87, 7.89, -137.13, 9.27,
2171, 135.87, 7.89, -137.13, 9.27,
2172, 135.87, 7.89, -137.13, 9.27,
2173, 135.87, 7.89, -137.13, 9.27,
2174, 135.87, 7.89, -137.13, 9.27,
2175, 135.87, 7.89, -137.13, 9.27,
2176, 135.87, 7.89, -137.13, 9.27,
2177, 135.87, 7.89, -137.16, 9.27,
2178, 135.87, 7.89, -137.16, 9.27,
2179, 135.87, 7.88, -137.16, 9.27,
2180, 135.87, 7.88, -137.18, 9.27,
2181, 135.91, 7.88, -137.21, 9.27,
2182, 135.94, 7.87, -137.24, 9.27,
2183, 135.97, 7.87, -137.27, 9.27,
2184, 136.06, 7.87, -137.35, 9.28,
2185, 136.28, 7.87, -137.57, 9.29,
2186, 136.63, 7.91, -138.00, 9.31,
2187, 137.05, 7.91, -138.38, 9.31,
2188, 137.31, 7.91, -138.62, 9.32,
2189, 137.60, 7.91, -138.96, 9.34,
2190, 138.03, 7.92, -139.38, 9.37,
2191, 138.56, 7.95, -139.97, 9.39,
2192, 138.97, 7.96, -140.37, 9.41,
2193, 139.47, 7.99, -140.90, 9.43,
2194, 139.93, 8.00, -141.40, 9.46,
2195, 140.27, 8.01, -141.74, 9.48,
2196, 140.97, 8.03, -142.38, 9.51,
2197, 141.74, 8.04, -143.10, 9.55,
2198, 142.19, 8.06, -143.56, 9.57,
2199, 142.69, 8.07, -144.01, 9.60,
2200, 143.15, 8.09, -144.46, 9.62,
2201, 143.62, 8.10, -144.91, 9.65,
2202, 144.04, 8.11, -145.38, 9.67,
2203, 144.59, 8.13, -145.87, 9.70,
2204, 145.15, 8.15, -146.50, 9.74,
2205, 145.65, 8.16, -147.00, 9.76,
2206, 145.88, 8.17, -147.25, 9.78,
2207, 146.10, 8.18, -147.44, 9.79,
2208, 146.38, 8.19, -147.75, 9.81,
2209, 146.79, 8.20, -148.18, 9.83,
2210, 147.25, 8.22, -148.66, 9.87,
2211, 147.56, 8.23, -149.00, 9.88,
2212, 148.07, 8.24, -149.40, 9.91,
2213, 148.63, 8.26, -149.94, 9.95,
2214, 149.19, 8.28, -150.50, 9.98,
2215, 149.68, 8.29, -150.98, 10.01,
2216, 150.29, 8.31, -151.56, 10.05,
2217, 150.85, 8.32, -152.12, 10.08,
2218, 151.35, 8.35, -152.62, 10.12,
2219, 151.95, 8.37, -153.16, 10.15,
2220, 152.50, 8.39, -153.75, 10.19,
2221, 153.10, 8.42, -154.34, 10.23,
2222, 153.44, 8.42, -154.73, 10.25,
2223, 153.69, 8.44, -154.98, 10.27,
2224, 153.85, 8.45, -155.16, 10.28,
2225, 153.95, 8.46, -155.25, 10.29,
2226, 154.23, 8.47, -155.53, 10.31,
2227, 154.47, 8.48, -155.76, 10.33,
2228, 154.73, 8.49, -156.06, 10.34,
2229, 154.82, 8.50, -156.16, 10.36,
2230, 155.03, 8.50, -156.37, 10.38,
2231, 155.51, 8.52, -156.78, 10.40,
2232, 155.79, 8.54, -157.01, 10.43,
2233, 156.06, 8.55, -157.28, 10.45,
2234, 156.48, 8.56, -157.70, 10.47,
2235, 156.79, 8.58, -158.01, 10.50,
2236, 157.39, 8.62, -158.59, 10.54,
2237, 157.94, 8.64, -159.10, 10.59,
2238, 158.41, 8.65, -159.59, 10.63,
2239, 158.72, 8.67, -159.89, 10.65,
2240, 159.01, 8.67, -160.17, 10.66,
2241, 159.67, 8.70, -160.82, 10.71,
2242, 160.53, 8.74, -161.72, 10.81,
2243, 160.75, 8.76, -161.94, 10.83,
2244, 160.76, 8.76, -161.95, 10.83,
2245, 160.76, 8.76, -161.95, 10.84,
2246, 160.78, 8.76, -161.97, 10.84,
2247, 160.79, 8.76, -162.00, 10.84,
2248, 160.82, 8.76, -162.03, 10.84,
2249, 161.04, 8.78, -162.22, 10.85,
2250, 161.48, 8.80, -162.70, 10.85,
2251, 161.98, 8.81, -163.22, 10.89,
2252, 162.76, 8.84, -163.95, 10.89,
2253, 163.26, 8.88, -164.41, 10.86,
2254, 163.50, 8.88, -164.60, 10.82,
2255, 163.66, 8.89, -164.78, 10.79,
2256, 163.76, 8.90, -164.89, 10.77,
2257, 164.07, 8.91, -165.20, 10.70,
2258, 164.32, 8.92, -165.48, 10.62,
2259, 164.98, 8.95, -166.10, 10.39,
2260, 165.14, 8.96, -166.23, 10.33,
2261, 165.14, 8.96, -166.23, 10.33,
2262, 165.14, 8.96, -166.23, 10.33,
2263, 165.14, 8.96, -166.23, 10.33,
2264, 165.16, 8.96, -166.23, 10.33,
2265, 165.16, 8.97, -166.23, 10.32,
2266, 165.16, 8.97, -166.25, 10.32,
2267, 165.16, 8.97, -166.25, 10.32,
2268, 165.16, 8.97, -166.25, 10.32,
2269, 165.16, 8.97, -166.25, 10.32,
2270, 165.16, 8.97, -166.25, 10.32,
2271, 165.16, 8.97, -166.25, 10.32,
2272, 165.16, 8.97, -166.25, 10.32,
2273, 165.16, 8.97, -166.25, 10.32,
2274, 165.16, 8.97, -166.25, 10.32,
2275, 165.16, 8.97, -166.25, 10.32,
2276, 165.16, 8.97, -166.25, 10.32,
2277, 165.16, 8.97, -166.25, 10.32,
2278, 165.17, 8.97, -166.25, 10.32,
2279, 165.17, 8.97, -166.25, 10.32,
2280, 165.17, 8.97, -166.25, 10.32,
2281, 165.17, 8.97, -166.25, 10.32,
2282, 165.17, 8.97, -166.25, 10.32,
2283, 165.17, 8.97, -166.25, 10.32,
2284, 165.17, 8.97, -166.25, 10.32,
2285, 165.17, 8.97, -166.25, 10.32,
2286, 165.17, 8.97, -166.25, 10.32,
2287, 165.17, 8.97, -166.25, 10.32,
2288, 165.17, 8.97, -166.25, 10.32,
2289, 165.17, 8.97, -166.25, 10.32,
2290, 165.17, 8.97, -166.25, 10.32,
2291, 165.17, 8.97, -166.25, 10.32,
2292, 165.22, 8.97, -166.27, 10.30,
2293, 165.61, 8.98, -166.70, 10.12,
2294, 166.08, 9.01, -167.20, 9.82,
2295, 166.08, 9.02, -167.20, 9.82,
2296, 166.08, 9.02, -167.20, 9.82,
2297, 166.08, 9.02, -167.20, 9.81,
2298, 166.08, 9.02, -167.20, 9.81,
2299, 166.08, 9.02, -167.20, 9.81,
2300, 166.08, 9.02, -167.20, 9.81,
2301, 166.08, 9.02, -167.20, 9.81,
2302, 166.08, 9.02, -167.20, 9.81,
2303, 166.08, 9.02, -167.20, 9.81,
2304, 166.08, 9.02, -167.20, 9.81,
2305, 166.08, 9.02, -167.20, 9.81,
2306, 166.08, 9.02, -167.20, 9.81,
2307, 166.10, 9.02, -167.20, 9.81,
2308, 166.11, 9.02, -167.23, 9.79,
2309, 166.13, 9.02, -167.25, 9.77,
2310, 166.39, 9.03, -167.48, 9.64,
2311, 166.73, 9.05, -167.79, 9.39,
2312, 166.82, 9.06, -167.89, 9.27,
2313, 166.97, 9.06, -168.04, 9.12,
2314, 167.11, 9.07, -168.23, 8.99,
2315, 167.42, 9.08, -168.57, 8.74,
2316, 167.55, 9.09, -168.70, 8.58,
2317, 167.61, 9.10, -168.76, 8.52,
2318, 167.64, 9.10, -168.79, 8.48,
2319, 167.67, 9.11, -168.82, 8.44,
2320, 167.88, 9.12, -169.05, 8.27,
2321, 168.01, 9.13, -169.19, 8.12,
2322, 168.08, 9.13, -169.27, 8.01,
2323, 168.19, 9.14, -169.38, 7.91,
2324, 168.23, 9.14, -169.41, 7.89,
2325, 168.32, 9.15, -169.47, 7.79,
2326, 168.35, 9.15, -169.49, 7.75,
2327, 168.38, 9.15, -169.54, 7.71,
2328, 168.44, 9.15, -169.60, 7.65,
2329, 168.57, 9.16, -169.74, 7.49,
2330, 168.61, 9.17, -169.80, 7.42,
2331, 168.63, 9.17, -169.83, 7.39,
2332, 168.66, 9.17, -169.86, 7.35,
2333, 168.70, 9.17, -169.92, 7.29,
2334, 168.85, 9.18, -170.05, 7.17,
2335, 169.08, 9.19, -170.27, 6.90,
2336, 169.23, 9.19, -170.41, 6.69,
2337, 169.26, 9.19, -170.45, 6.60,
2338, 169.29, 9.19, -170.48, 6.53,
2339, 169.33, 9.20, -170.52, 6.44,
2340, 169.36, 9.20, -170.55, 6.40,
2341, 169.39, 9.20, -170.60, 6.30,
2342, 169.45, 9.21, -170.63, 6.25,
2343, 169.52, 9.21, -170.72, 6.13,
2344, 169.63, 9.22, -170.82, 4.92,
2345, 169.61, 9.22, -170.82, 4.85,
2346, 169.61, 9.22, -170.82, 4.59,
2347, 169.61, 9.22, -170.83, 4.47,
2348, 169.72, 9.22, -170.97, 3.94,
2349, 169.73, 9.23, -170.97, 3.12,
2350, 169.73, 9.23, -170.97, 3.05,
2351, 169.73, 9.23, -170.98, 2.84,
2352, 169.73, 9.23, -170.98, 2.64,
2353, 169.73, 9.23, -170.98, 2.49,
2354, 169.74, 9.23, -170.98, 2.34,
2355, 169.74, 9.23, -170.98, 2.34,
2356, 169.74, 9.23, -170.98, 2.34,
2357, 169.74, 9.23, -170.98, 2.34,
2358, 169.73, 9.23, -170.98, 2.34,
2359, 169.74, 9.23, -171.01, 2.33,
2360, 169.79, 9.23, -171.07, 2.33,
2361, 169.89, 9.23, -171.13, 2.33,
2362, 170.02, 9.24, -171.23, 2.33,
2363, 170.14, 9.25, -171.35, 2.33,
2364, 170.29, 9.26, -171.45, 2.33,
2365, 170.41, 9.27, -171.60, 2.33,
2366, 170.54, 9.27, -171.73, 2.33,
2367, 170.69, 9.29, -171.89, 2.33,
2368, 170.98, 9.29, -172.13, 2.33,
2369, 171.17, 9.31, -172.36, 2.33,
2370, 171.33, 9.32, -172.55, 2.33,
2371, 171.48, 9.32, -172.70, 2.33,
2372, 171.71, 9.33, -172.94, 2.33,
2373, 172.07, 9.35, -173.23, 2.33,
2374, 172.35, 9.37, -173.49, 2.33,
2375, 172.52, 9.39, -173.66, 2.33,
2376, 172.73, 9.39, -173.86, 2.33,
2377, 172.91, 9.41, -174.05, 2.33,
2378, 173.08, 9.42, -174.23, 2.33,
2379, 173.19, 9.42, -174.36, 2.33,
2380, 173.30, 9.43, -174.46, 2.33,
2381, 173.44, 9.44, -174.58, 2.33,
2382, 173.60, 9.45, -174.76, 2.33,
2383, 173.82, 9.46, -174.98, 2.33,
2384, 174.07, 9.47, -175.17, 2.33,
2385, 174.16, 9.49, -175.27, 2.33,
2386, 174.21, 9.50, -175.33, 2.33,
2387, 174.29, 9.50, -175.41, 2.33,
2388, 174.35, 9.51, -175.48, 2.33,
2389, 174.48, 9.52, -175.63, 2.33,
2390, 174.70, 9.53, -175.86, 2.33,
2391, 174.82, 9.54, -175.99, 2.33,
2392, 174.96, 9.55, -176.16, 2.33,
2393, 175.18, 9.56, -176.36, 2.33,
2394, 175.41, 9.58, -176.60, 2.33,
2395, 175.61, 9.59, -176.80, 2.33,
2396, 175.80, 9.60, -176.99, 2.33,
2397, 175.91, 9.61, -177.11, 2.33,
2398, 175.96, 9.63, -177.17, 2.33,
2399, 176.08, 9.64, -177.29, 2.33,
2400, 176.32, 9.65, -177.51, 2.33,
2401, 176.58, 9.67, -177.76, 2.33,
2402, 176.70, 9.68, -177.80, 2.33,
2403, 176.85, 9.69, -177.80, 2.33,
2404, 176.99, 9.70, -177.80, 2.33,
2405, 177.27, 9.71, -177.80, 2.33,
2406, 177.49, 9.73, -177.80, 2.33,
2407, 177.70, 9.75, -177.82, 2.33,
2408, 177.83, 9.77, -177.82, 2.33,
2409, 177.88, 9.77, -177.82, 2.33,
2410, 177.88, 9.77, -177.82, 2.33,
2411, 177.89, 9.77, -177.82, 2.33,
2412, 177.89, 9.77, -177.83, 2.33,
2413, 177.89, 9.77, -177.83, 2.39,
2414, 177.89, 9.77, -177.83, 2.42,
2415, 177.89, 9.77, -177.83, 2.45,
2416, 177.88, 9.77, -177.83, 2.48,
2417, 177.88, 9.77, -177.83, 2.48,
2418, 177.88, 9.77, -177.83, 2.48,
2419, 177.88, 9.77, -177.83, 2.48,
2420, 177.88, 9.77, -177.83, 2.48,
2421, 177.88, 9.77, -177.83, 2.48,
2422, 177.86, 9.77, -177.83, 2.48,
2423, 177.86, 9.77, -177.83, 2.48,
2424, 177.86, 9.77, -177.83, 2.47,
2425, 177.86, 9.77, -177.83, 2.47,
2426, 177.86, 9.77, -177.83, 2.47,
2427, 177.86, 9.77, -177.83, 2.47,
2428, 177.86, 9.77, -177.83, 2.48,
2429, 177.86, 9.77, -177.83, 2.48,
2430, 177.86, 9.77, -177.83, 2.48,
2431, 177.86, 9.77, -177.83, 2.48,
2432, 177.86, 9.77, -177.83, 2.48,
2433, 177.86, 9.77, -177.83, 2.48,
2434, 177.86, 9.77, -177.83, 2.48,
2435, 177.86, 9.77, -177.83, 2.48,
2436, 177.88, 9.77, -177.83, 2.48,
2437, 177.90, 9.77, -177.83, 2.48,
2438, 177.95, 9.77, -177.83, 2.46,
2439, 178.05, 9.77, -177.83, 2.45,
2440, 178.27, 9.79, -177.83, 2.45,
2441, 178.35, 9.80, -177.83, 2.43,
2442, 178.40, 9.80, -177.83, 2.43,
2443, 178.45, 9.80, -177.83, 2.41,
2444, 178.51, 9.81, -177.83, 2.41,
2445, 178.58, 9.81, -177.83, 2.41,
2446, 178.63, 9.81, -177.83, 2.40,
2447, 178.71, 9.82, -177.83, 2.39,
2448, 178.80, 9.83, -177.83, 2.39,
2449, 178.85, 9.83, -177.83, 2.39,
2450, 178.89, 9.84, -177.83, 2.39,
2451, 178.98, 9.84, -177.83, 2.38,
2452, 179.10, 9.85, -177.83, 2.38,
2453, 179.29, 9.86, -177.83, 2.39,
2454, 179.40, 9.86, -177.83, 2.41,
2455, 179.55, 9.87, -177.83, 2.40,
2456, 179.74, 9.89, -177.85, 2.39,
2457, 179.80, 9.90, -177.85, 2.38,
2458, 179.85, 9.90, -177.85, 2.38,
2459, 179.89, 9.91, -177.85, 2.37,
2460, 180.01, 9.92, -177.85, 2.35,
2461, 180.14, 9.92, -177.85, 2.36,
2462, 180.27, 9.93, -177.85, 2.38,
2463, 180.36, 9.94, -177.85, 2.38,
2464, 180.43, 9.94, -177.85, 2.38,
2465, 180.54, 9.95, -177.85, 2.38,
2466, 180.62, 9.96, -177.85, 2.39,
2467, 180.62, 9.96, -177.85, 2.39,
2468, 180.62, 9.96, -177.85, 2.39,
2469, 180.61, 9.96, -177.85, 2.42,
2470, 180.58, 9.96, -177.86, 2.44,
2471, 180.55, 9.96, -177.92, 2.45,
2472, 180.52, 9.96, -177.93, 2.47,
2473, 180.49, 9.96, -177.93, 2.47,
2474, 180.48, 9.96, -177.93, 2.47,
2475, 180.48, 9.96, -177.93, 2.47,
2476, 180.48, 9.96, -177.93, 2.47,
2477, 180.48, 9.96, -177.93, 2.47,
2478, 180.48, 9.96, -177.93, 2.47,
2479, 180.48, 9.96, -177.93, 2.47,
2480, 180.48, 9.96, -177.93, 2.47,
2481, 180.48, 9.96, -177.93, 2.47,
2482, 180.48, 9.96, -177.93, 2.47,
2483, 180.48, 9.96, -177.93, 2.47,
2484, 180.48, 9.96, -177.93, 2.47,
2485, 180.48, 9.96, -177.93, 2.47,
2486, 180.48, 9.96, -177.93, 2.47,
2487, 180.48, 9.96, -177.93, 2.47,
2488, 180.48, 9.96, -177.95, 2.47,
2489, 180.48, 9.96, -177.95, 2.47,
2490, 180.48, 9.96, -177.95, 2.48,
2491, 180.48, 9.96, -177.95, 2.48,
2492, 180.48, 9.96, -177.95, 2.48,
2493, 180.48, 9.96, -177.95, 2.48,
2494, 180.48, 9.96, -177.95, 2.48,
2495, 180.48, 9.96, -177.95, 2.48,
2496, 180.48, 9.96, -177.95, 2.48,
2497, 180.48, 9.96, -177.95, 2.48,
2498, 180.48, 9.96, -177.95, 2.48,
2499, 180.48, 9.96, -177.95, 2.48,
2500, 180.48, 9.96, -177.95, 2.48,
2501, 180.48, 9.96, -177.95, 2.49,
2502, 180.48, 9.96, -177.95, 2.49,
2503, 180.48, 9.96, -177.95, 2.49,
2504, 180.48, 9.96, -177.95, 2.49,
2505, 180.48, 9.96, -177.95, 2.49,
2506, 180.48, 9.96, -177.95, 2.49,
2507, 180.48, 9.96, -177.95, 2.49,
2508, 180.48, 9.96, -177.95, 2.49,
2509, 180.48, 9.96, -177.95, 2.49,
2510, 180.48, 9.96, -177.95, 2.49,
2511, 180.48, 9.96, -177.95, 2.49,
2512, 180.48, 9.96, -177.95, 2.49,
2513, 180.48, 9.96, -177.95, 2.49,
2514, 180.48, 9.96, -177.95, 2.49,
2515, 180.48, 9.96, -177.95, 2.49,
2516, 180.48, 9.96, -177.95, 2.49,
2517, 180.48, 9.96, -177.95, 2.49,
2518, 180.48, 9.96, -177.95, 2.49,
2519, 180.49, 9.96, -177.95, 2.49,
2520, 180.49, 9.96, -177.95, 2.49,
2521, 180.49, 9.96, -177.95, 2.49,
2522, 180.49, 9.96, -177.95, 2.49,
2523, 180.49, 9.96, -177.95, 2.49,
2524, 180.49, 9.96, -177.95, 2.49,
2525, 180.49, 9.96, -177.95, 2.49,
2526, 180.49, 9.96, -177.95, 2.49,
2527, 180.49, 9.96, -177.95, 2.49,
2528, 180.49, 9.96, -177.95, 2.49,
2529, 180.49, 9.96, -177.95, 2.49,
2530, 180.49, 9.96, -177.95, 2.49,
2531, 180.49, 9.96, -177.95, 2.49,
2532, 180.49, 9.96, -177.95, 2.49,
2533, 180.49, 9.96, -177.95, 2.49,
2534, 180.49, 9.96, -177.95, 2.49,
2535, 180.49, 9.96, -177.95, 2.49,
2536, 180.49, 9.96, -177.95, 2.49,
2537, 180.51, 9.96, -177.95, 2.49,
2538, 180.51, 9.96, -177.95, 2.49,
2539, 180.51, 9.96, -177.95, 2.49,
2540, 180.51, 9.96, -177.95, 2.49,
2541, 180.51, 9.96, -177.95, 2.49,
2542, 180.51, 9.96, -177.95, 2.49,
2543, 180.51, 9.96, -177.95, 2.49,
2544, 180.51, 9.96, -177.95, 2.49,
2545, 180.51, 9.96, -177.95, 2.49,
2546, 180.51, 9.96, -177.95, 2.49,
2547, 180.51, 9.96, -177.95, 2.49,
2548, 180.51, 9.96, -177.95, 2.49,
2549, 180.51, 9.96, -177.95, 2.49,
2550, 180.52, 9.96, -177.95, 2.49,
2551, 180.55, 9.96, -177.95, 2.49,
2552, 180.57, 9.96, -177.95, 2.49,
2553, 180.58, 9.96, -177.95, 2.49,
2554, 180.60, 9.96, -177.95, 2.49,
2555, 180.61, 9.96, -177.95, 2.49,
2556, 180.62, 9.96, -177.95, 2.49,
2557, 180.62, 9.96, -177.95, 2.49,
2558, 180.65, 9.96, -177.95, 2.49,
2559, 180.68, 9.96, -177.95, 2.49,
2560, 180.73, 9.96, -177.95, 2.49,
2561, 180.82, 9.96, -177.95, 2.49,
2562, 180.85, 9.96, -177.95, 2.49,
2563, 180.95, 9.96, -177.95, 2.49,
2564, 181.10, 9.96, -177.95, 2.49,
2565, 181.14, 9.96, -177.95, 2.49,
2566, 181.17, 9.97, -177.95, 2.49,
2567, 181.33, 9.98, -177.95, 2.49,
2568, 181.52, 9.99, -177.95, 2.49,
2569, 181.58, 10.00, -177.95, 2.49,
2570, 181.62, 10.00, -177.95, 2.49,
2571, 181.71, 10.02, -177.95, 2.49,
2572, 181.76, 10.02, -177.95, 2.49,
2573, 181.85, 10.02, -177.95, 2.49,
2574, 181.95, 10.03, -177.95, 2.49,
2575, 182.05, 10.04, -177.95, 2.49,
2576, 182.14, 10.04, -177.95, 2.49,
2577, 182.20, 10.05, -177.95, 2.49,
2578, 182.35, 10.06, -177.95, 2.49,
2579, 182.52, 10.06, -177.95, 2.49,
2580, 182.61, 10.06, -177.95, 2.49,
2581, 182.62, 10.06, -177.95, 2.49,
2582, 182.67, 10.06, -177.95, 2.49,
2583, 182.68, 10.06, -177.95, 2.49,
2584, 182.71, 10.06, -177.95, 2.49,
2585, 182.73, 10.06, -177.95, 2.49,
2586, 182.73, 10.06, -177.95, 2.49,
2587, 182.74, 10.06, -177.95, 2.49,
2588, 182.74, 10.06, -177.95, 2.49,
2589, 182.74, 10.06, -177.95, 2.49,
2590, 182.74, 10.06, -177.95, 2.49,
2591, 182.74, 10.06, -177.95, 2.49,
2592, 182.76, 10.06, -177.95, 2.49,
2593, 182.80, 10.08, -177.95, 2.49,
2594, 182.89, 10.08, -177.95, 2.49,
2595, 183.04, 10.08, -177.95, 2.49,
2596, 183.14, 10.08, -177.95, 2.49,
2597, 183.17, 10.08, -177.95, 2.49,
2598, 183.18, 10.08, -177.95, 2.49,
2599, 183.21, 10.08, -177.95, 2.49,
2600, 183.26, 10.09, -177.95, 2.49,
2601, 183.30, 10.09, -177.95, 2.49,
2602, 183.33, 10.09, -177.95, 2.49,
2603, 183.36, 10.09, -177.95, 2.49,
2604, 183.42, 10.09, -177.95, 2.49,
2605, 183.58, 10.09, -177.95, 2.49,
2606, 183.77, 10.09, -177.95, 2.49,
2607, 183.83, 10.09, -177.95, 2.49,
2608, 183.84, 10.09, -177.95, 2.49,
2609, 183.86, 10.09, -177.95, 2.49,
2610, 183.99, 10.09, -177.95, 2.49,
2611, 184.12, 10.09, -177.95, 2.49,
2612, 184.17, 10.09, -177.95, 2.49,
2613, 184.20, 10.09, -177.95, 2.49,
2614, 184.23, 10.09, -177.95, 2.49,
2615, 184.29, 10.09, -177.95, 2.49,
2616, 184.32, 10.09, -177.95, 2.49,
2617, 184.33, 10.09, -177.95, 2.49,
2618, 184.34, 10.09, -177.95, 2.49,
2619, 184.37, 10.09, -177.95, 2.49,
2620, 184.42, 10.09, -177.95, 2.49,
2621, 184.46, 10.09, -177.95, 2.49,
2622, 184.52, 10.09, -177.95, 2.49,
2623, 184.62, 10.09, -177.95, 2.49,
2624, 184.73, 10.09, -177.95, 2.49,
2625, 184.82, 10.09, -177.95, 2.49,
2626, 184.84, 10.09, -177.95, 2.49,
2627, 184.87, 10.09, -177.95, 2.49,
2628, 184.98, 10.09, -177.95, 2.49,
2629, 185.05, 10.09, -177.95, 2.49,
2630, 185.14, 10.09, -177.95, 2.49,
2631, 185.14, 10.09, -177.95, 2.49,
2632, 185.14, 10.09, -177.95, 2.49,
2633, 185.14, 10.09, -177.95, 2.49,
2634, 185.14, 10.08, -177.95, 2.49,
2635, 185.14, 10.00, -177.95, 2.49,
2636, 185.14, 9.98, -177.95, 2.49,
2637, 185.14, 9.98, -177.95, 2.49,
2638, 185.14, 9.98, -177.95, 2.49,
2639, 185.14, 9.98, -177.95, 2.49,
2640, 185.14, 9.96, -177.95, 2.49,
2641, 185.14, 9.94, -177.95, 2.49,
2642, 185.14, 9.92, -177.95, 2.49,
2643, 185.14, 9.90, -177.95, 2.49,
2644, 184.95, 9.44, -178.07, 2.50,
2645, 185.05, 9.16, -178.13, 2.48,
2646, 185.15, 9.13, -178.18, 2.49,
2647, 185.14, 9.13, -178.18, 2.48,
2648, 185.14, 9.13, -178.18, 2.49,
2649, 185.14, 9.13, -178.18, 2.49,
2650, 185.14, 9.13, -178.18, 2.48,
2651, 185.14, 9.13, -178.18, 2.48,
2652, 185.15, 9.06, -178.18, 2.48,
2653, 185.17, 8.85, -178.18, 2.48,
2654, 185.21, 8.70, -178.18, 2.48,
2655, 185.23, 8.62, -178.18, 2.48,
2656, 185.23, 8.60, -178.18, 2.48,
2657, 185.24, 8.58, -178.18, 2.48,
2658, 185.29, 8.52, -178.18, 2.48,
2659, 185.33, 8.43, -178.18, 2.48,
2660, 185.37, 8.35, -178.18, 2.48,
2661, 185.37, 8.29, -178.18, 2.48,
2662, 185.37, 8.21, -178.18, 2.48,
2663, 185.37, 8.11, -178.18, 2.48,
2664, 185.39, 8.04, -178.18, 2.48,
2665, 185.39, 7.96, -178.18, 2.48,
2666, 185.39, 7.87, -178.18, 2.48,
2667, 185.39, 7.71, -178.18, 2.48,
2668, 185.39, 7.59, -178.18, 2.48,
2669, 185.39, 7.56, -178.18, 2.48,
2670, 185.39, 7.55, -178.18, 2.48,
2671, 185.39, 7.46, -178.18, 2.48,
2672, 185.39, 7.31, -178.18, 2.48,
2673, 185.39, 7.17, -178.18, 2.48,
2674, 185.33, 7.06, -178.18, 2.48,
2675, 185.33, 7.06, -178.18, 2.48,
2676, 185.33, 7.06, -178.18, 2.48,
2677, 185.33, 7.06, -178.18, 2.48,
2678, 185.33, 7.06, -178.18, 2.48,
2679, 185.33, 7.06, -178.18, 2.48,
2680, 185.33, 7.06, -178.18, 2.48,
2681, 185.33, 7.06, -178.18, 2.48,
2682, 185.33, 7.05, -178.18, 2.48,
2683, 185.33, 7.03, -178.18, 2.48,
2684, 185.33, 6.95, -178.18, 2.48,
2685, 185.33, 6.82, -178.18, 2.48,
2686, 185.33, 6.68, -178.18, 2.48,
2687, 185.33, 6.64, -178.18, 2.48,
2688, 185.33, 6.64, -178.18, 2.48,
2689, 185.33, 6.62, -178.18, 2.48,
2690, 185.33, 6.62, -178.18, 2.48,
2691, 185.33, 6.61, -178.18, 2.48,
2692, 185.33, 6.61, -178.18, 2.48,
2693, 185.33, 6.60, -178.18, 2.48,
2694, 185.33, 6.58, -178.18, 2.48,
2695, 185.33, 6.56, -178.18, 2.48,
2696, 185.33, 6.49, -178.18, 2.48,
2697, 185.33, 6.36, -178.18, 2.48,
2698, 185.33, 6.30, -178.18, 2.48,
2699, 185.33, 6.30, -178.18, 2.48,
2700, 185.33, 6.30, -178.18, 2.48,
2701, 185.33, 6.22, -178.18, 2.48,
2702, 185.33, 6.15, -178.18, 2.48,
2703, 185.33, 6.15, -178.18, 2.48,
2704, 185.33, 6.13, -178.18, 2.48,
2705, 185.33, 6.12, -178.18, 2.48,
2706, 185.33, 6.12, -178.18, 2.48,
2707, 185.33, 6.11, -178.18, 2.48,
2708, 185.33, 6.11, -178.18, 2.48,
2709, 185.33, 6.11, -178.18, 2.48,
2710, 185.33, 6.11, -178.18, 2.48,
2711, 185.33, 6.11, -178.18, 2.48,
2712, 185.33, 6.11, -178.18, 2.48,
2713, 185.33, 6.09, -178.18, 2.48,
2714, 185.33, 6.02, -178.18, 2.48,
2715, 185.33, 5.98, -178.18, 2.48,
2716, 185.33, 5.98, -178.18, 2.48,
2717, 185.33, 5.98, -178.18, 2.48,
2718, 185.33, 5.98, -178.18, 2.48,
2719, 185.33, 5.98, -178.18, 2.48,
2720, 185.33, 5.98, -178.18, 2.48,
2721, 185.33, 5.98, -178.18, 2.48,
2722, 185.33, 5.93, -178.18, 2.48,
2723, 185.33, 5.87, -178.18, 2.48,
2724, 185.33, 5.81, -178.18, 2.48,
2725, 185.33, 5.73, -178.18, 2.48,
2726, 185.39, 3.86, -178.33, 2.47,
2727, 186.61, 3.62, -178.33, 2.48,
2728, 186.68, 3.59, -178.33, 2.48,
2729, 186.70, 3.46, -178.33, 2.48,
2730, 186.70, 3.24, -178.33, 2.48,
2731, 187.01, 2.95, -178.33, 2.48,
2732, 187.01, 2.80, -178.33, 2.48,
2733, 187.01, 2.69, -178.33, 2.48,
2734, 187.49, 2.46, -178.33, 2.48,
2735, 187.51, 2.17, -178.33, 2.48,
2736, 187.51, 2.07, -178.33, 2.48,
2737, 187.51, 2.04, -178.33, 2.48,
2738, 187.51, 1.97, -178.33, 2.48,
2739, 187.51, 1.87, -178.33, 2.48,
2740, 187.51, 1.70, -178.33, 2.48,
2741, 187.51, 1.62, -178.33, 2.48,
2742, 187.51, 1.62, -178.33, 2.48,
2743, 187.52, 1.61, -178.33, 2.48,
2744, 187.52, 1.61, -178.33, 2.48,
2745, 187.52, 1.61, -178.33, 2.48,
2746, 187.52, 1.61, -178.33, 2.48,
2747, 187.52, 1.61, -178.33, 2.48,
2748, 187.52, 1.61, -178.33, 2.48,
2749, 187.52, 1.61, -178.33, 2.48,
2750, 187.52, 1.61, -178.33, 2.48,
2751, 187.52, 1.61, -178.33, 2.48,
2752, 187.52, 1.61, -178.33, 2.48,
2753, 187.55, 1.61, -178.33, 2.48,
2754, 187.68, 1.61, -178.33, 2.48,
2755, 187.68, 1.61, -178.33, 2.48,
2756, 187.68, 1.61, -178.33, 2.48,
2757, 187.79, 1.61, -178.33, 2.48,
2758, 187.95, 1.61, -178.33, 2.48,
2759, 187.95, 1.61, -178.33, 2.48,
2760, 187.95, 1.61, -178.33, 2.48,
2761, 188.08, 1.61, -178.33, 2.48,
2762, 188.08, 1.61, -178.33, 2.48,
2763, 188.14, 1.61, -178.33, 2.48,
2764, 188.14, 1.61, -178.33, 2.48,
2765, 188.14, 1.61, -178.33, 2.48,
2766, 188.48, 1.61, -178.33, 2.48,
1, 189.56, 1.61, -178.33, 2.48,
2, 189.56, 1.61, -178.33, 2.48,
3, 189.56, 1.61, -178.33, 2.48,
4, 188.70, 1.61, -178.36, 2.48,
5, 188.70, 1.61, -178.36, 2.48,
6, 188.70, 1.61, -178.38, 2.48,
7, 188.70, 1.61, -178.38, 2.47,
8, 188.76, 1.61, -178.38, 2.47,
9, 188.76, 1.61, -178.39, 2.47,
10, 188.76, 1.61, -178.42, 2.47,
11, 188.76, 1.61, -178.43, 2.47,
12, 188.76, 1.61, -178.43, 2.47,
13, 188.76, 1.61, -178.43, 2.47,
14, 188.76, 1.61, -178.45, 2.47,
15, 188.76, 1.61, -178.49, 2.47,
16, 188.76, 1.61, -178.52, 2.46,
17, 188.81, 1.61, -178.57, 2.45,
18, 188.81, 1.61, -178.57, 2.45,
19, 188.81, 1.61, -178.60, 2.45,
20, 188.81, 1.61, -178.60, 2.45,
21, 188.81, 1.61, -178.60, 2.45,
22, 188.81, 1.61, -178.60, 2.45,
23, 188.81, 1.61, -178.60, 2.45,
24, 188.81, 1.61, -178.60, 2.45,
25, 188.81, 1.61, -178.60, 2.45,
26, 188.81, 1.61, -178.60, 2.45,
27, 188.84, 1.61, -178.61, 2.45,
28, 189.59, 1.61, -178.63, 2.45,
29, 190.36, 1.61, -178.63, 2.45,
30, 190.36, 1.61, -178.63, 2.45,
31, 190.58, 1.61, -178.63, 2.45,
32, 190.96, 1.62, -178.63, 2.45,
33, 190.96, 1.62, -178.63, 2.45,
34, 192.25, 1.62, -178.63, 2.45,
35, 192.64, 1.62, -178.64, 2.45,
36, 192.64, 1.62, -178.64, 2.45,
37, 192.64, 1.62, -178.64, 2.45,
38, 193.03, 1.62, -178.64, 2.45,
39, 193.03, 1.62, -178.64, 2.45,
40, 193.18, 1.62, -178.64, 2.45,
41, 193.18, 1.62, -178.64, 2.45,
42, 193.18, 1.62, -178.64, 2.45,
43, 193.18, 1.62, -178.64, 2.45,
44, 193.18, 1.62, -178.64, 2.45,
45, 193.18, 1.62, -178.64, 2.45,
46, 193.18, 1.62, -178.64, 2.45,
47, 193.18, 1.62, -178.64, 2.45,
